000000000000000000000000000000000000000000000000000000000000000000000000000000000000000000000000000000000000000000000000000000000000000000000000000000
000000000000000000000000000000000000000000000000000000000000000000000000000000000000000000000000000000000000000000000000000000000000000000000000000000
000000000000000000000000000000000000000000000000000000000000000000000000000000000000000000000000000000000000000000000000000000000000000000000000000000
000000000000000000000000000000000000000000000000000000000000000000000000000000000000000000000000000000000000000000000000000000000000000000000000000000
000000000000000000000000000000000000000000000000000000000000000000000000000000000000000000000000000000000000000000000000000000000000000000000000000000
000000000000000000000000000000000000000000000000000000000000000000000000000000000000000000000000000000000000000000000000000000000000000000000000000000
000000000000000000000000000000000000000000000000000000000000000000000000000000000000000000000000000000000000000000000000000000000000000000000000000000
000000000000000000000000000000000000000000000000000000000000000000000000000000000000000000000000000000000000000000000000000000000000000000000000000000
000000000000000000000000000000000000000000000000000000000000000000000000000000000000000000000000000000000000000000000000000000000000000000000000000000
000000000000000000000000000000000000000000000000000000000000000000000000000000000000000000000000000000000000000000000000000000000000000000000000000000
000000000000000000000000000000000000000000000000000000000000000000000000000000000000000000000000000000000000000000000000000000111000000000000000000000
000000000000000000000000000000000000000000000000000000000000000000000000000000000000000000000000000000000000000000000000000000111000000000000000000000
000000000000000000000000000000000000000000000000000000000000000000000000000000000000000000000000000000000000000000000000000000111000000000000000000000
000000000000000000000000000000000000000000000000000000000000000000000000000000000000000000000000000000000000000000000000001111111111111000000000000000
000000000000000000000000000000000000000000000000000000000000000000000000000000000000000000000000000000000000000000000000001111111111111000000000000000
000000000000000000000000000000000000000000000000000000000000000000000000000000000000000000000000000000000000000000000000001111111111111000000000000000
000000000000000000000000000000000000000000000000000000000000000000000000000000000000000000000000000000000000000000001111111111111111111000000000000000
000000000000000000000000000000000000000000000000000000000000000000000000000000000000000000000000000000000000000000001111111111111111111000000000000000
000000000000000000000000000000000000000000000000000000000000000000000000000000000000000000000000000000000000000000001111111111111111111000000000000000
000000000000000000000000000000000000000000000000000000000000000000000000000000000000000000000000000000000000000011111111111111111111111111100000000000
000000000000000000000000000000000000000000000000000000000000000000000000000000000000000000000000000000000000000011111111111111111111111111100000000000
000000000000000000000000000000000000000000000000000000000000000000000000000000000000000000000000000000000000000011111111111111111111111111100000000000
000000000000000000000000000000000000000000000000000000000000000000011111100000000000000000000000000000011111111111111111111111111111111000000000000000
000000000000000000000000000000000000000000000000000000000000000000011111100000000000000000000000000000011111111111111111111111111111111000000000000000
000000000000000000000000000000000000000000000000000000000000000000011111100000000000000000000000000000011111111111111111111111111111111000000000000000
000000000001111111000000000000000000000001111111111000000000000000011111111111110000000000000000111111111111111111111111111111111111000000000000000000
000000000001111111000000000000000000000001111111111000000000000000011111111111110000000000000000111111111111111111111111111111111111000000000000000000
000000000001111111000000000000000000000001111111111000000000000000011111111111110000000000000000111111111111111111111111111111111111000000000000000000
000000000001111111111111111111111111111111111111111000000000000000011111111111111111110000000000000000000000000000000000000000000000000000000000000000
000000000001111111111111111111111111111111111111111000000000000000011111111111111111110000000000000000000000000000000000000000000000000000000000000000
000000000001111111111111111111111111111111111111111000000000000000011111111111111111110000000000000000000000000000000000000000000000000000000000000000
000000000001111111111111111111111111111111111111111000000000000000011111111111110000000000000000000000000000000000000000000000000000000000000000000000
000000000001111111111111111111111111111111111111111000000000000000011111111111110000000000000000000000000000000000000000000000000000000000000000000000
000000000001111111111111111111111111111111111111111000000000000000011111111111110000000000000000000000000000000000000000000000000000000000000000000000
000000000001111111111000000000000000011111111111111000000000000000011111111111110000000000000000000000000000000000000000000000000000000000000000000000
000000000001111111111000000000000000011111111111111000000000000000011111111111110000000000000000000000000000000000000000000000000000000000000000000000
000000000001111111111000000000000000011111111111111000000000000000011111111111110000000000000000000000000000000000000000000000000000000000000000000000
000000000001111111111000000000000000000001111111111000000000000000011111111111110000000000000000000000000000000000000000000000000000000000000000000000
000000000001111111111000000000000000000001111111111000000000000000011111111111110000000000000000000000000000000000000000000000000000000000000000000000
000000000001111111111000000000000000000001111111111000000000000000011111111111110000000000000000000000000000000000000000000000000000000000000000000000
000000000001111111111000000000000000000001111111111000000000000000011111111111110000000000000000000000000000000000000000000000000000000000000000000000
000000000001111111111000000000000000000001111111111000000000000000011111111111110000000000000000000000000000000000000000000000000000000000000000000000
000000000001111111111000000000000000000001111111111000000000000000011111111111110000000000000000000000000000000000000000000000000000000000000000000000
000000000001111111111000000000000000000001111111111000000000000000011111111111110000000000000000000000000000000000000000000000000000000000000000000000
000000000001111111111000000000000000000001111111111000000000000000011111111111110000000000000000000000000000000000000000000000000000000000000000000000
000000000001111111111000000000000000000001111111111000000000000000011111111111110000000000000000000000000000000000000000000000000000000000000000000000
000000000001111111111000000000000000000001111111111000000000000000011111111111110000000000000000000000000000000000000000000000000000000000000000000000
000000000001111111111000000000000000000001111111111000000000000000011111111111110000000000000000000000000000000000000000000000000000000000000000000000
000000000001111111111000000000000000000001111111111000000000000000011111111111110000000000000000000000000000000000000000000000000000000000000000000000
000000000001111111111000000000000000000001111111111000000000000000011111111111110000000000000000000000000000000000000000000000000000000000000000000000
000000000001111111111000000000000000000001111111111000000000000000011111111111110000000000000000000000000000000000000000000000000000000000000000000000
000000000001111111111000000000000000000001111111111000000000000000011111111111110000000000000000000000000000000000000000000000000000111000000000000000
000000000001111111111000000000000000000001111111111000000000000000011111111111110000000000000000000000000000000000000000000000000000111000000000000000
000000000001111111111000000000000000000001111111111000000000000000011111111111110000000000000000000000000000000000000000000000000000111000000000000000
000000000001111111111000000000000000000001111111111000000000000000011111111111110000000000000000000000000000000000000000000000000111111111111111100000
000000000001111111111000000000000000000001111111111000000000000000011111111111110000000000000000000000000000000000000000000000000111111111111111100000
000000000001111111111000000000000000000001111111111000000000000000011111111111110000000000000000000000000000000000000000000000000111111111111111100000
000001111111111111111000000000000000000001111111111000000000000000011111111111111111110000000000000000000000000000000000000000111111111111111111111111
000001111111111111111000000000000000000001111111111000000000000000011111111111111111110000000000000000000000000000000000000000111111111111111111111111
000001111111111111111000000000000000000001111111111000000000000000011111111111111111110000000000000000000000000000000000000000111111111111111111111111
111111111111111111111000000000000000000001111111111000000000000000011111111111111111111000000000000000011111111111111111111111111111111111111111100000
111111111111111111111000000000000000000001111111111000000000000000011111111111111111110000000000000000011111111111111111111111111111111111111111100000
111111111111111111111000000000000000000001111111111000000000000000011111111111111111110000000000000000011111111111111111111111111111111111111111100000
000001111111111111111000000000000000000001111111111000000000000000011111111111110000000000000000000000000011111111111110000000000000000000000000000000
000001111111111111111000000000000000000001111111111000000000000000011111111111110000000000000000000000000011111111111110000000000000000000000000000000
000001111111111111111000000000000000000001111111111000000000000000011111111111110000000000000000000000000011111111111110000000000000000000000000000000
000000001111111111111000000000000000000001111111111000000000000000011111111111110000000000000000000000000011111111110000000000000000000000000000000000
000000001111111111111000000000000000000001111111111000000000000000011111111111110000000000000000000000000011111111110000000000000000000000000000000000
000000001111111111111000000000000000000001111111111000000000000000011111111111110000000000000000000000000011111111110000000000000000000000000000000000
000000000001111111111000000000000000000001111111111000000000000000011111111111110000000000000000000000000011111111110000000000000000000000000000000000
000000000001111111111000000000000000000001111111111000000000000000011111111111110000000000000000000000000011111111110000000000000000000000000000000000
000000000001111111111000000000000000000001111111111000000000000000011111111111110000000000000000000000000011111111110000000000000000000000000000000000
000000000001111111111000000000000000000001111111111000000000000000011111111111110000000000000000000000000011111111110000000000000000000000000000000000
000000000001111111111000000000000000000001111111111000000000000000011111111111110000000000000000000000000011111111110000000000000000000000000000000000
000000000001111111111000000000000000000001111111111000000000000000011111111111110000000000000000000000000011111111110000000000000000000000000000000000
000000000001111111111000000000000000000001111111111000000000000000011111111111110000000000000000000000000011111111110000000000000000000000000000000000
000000000001111111111000000000000000000001111111111000000000000000011111111111110000000000000000000000000011111111110000000000000000000000000000000000
000000000001111111111000000000000000000001111111111000000000000000011111111111110000000000000000000000000011111111110000000000000000000000000000000000
000000000001111111111111111111111111111111111111111000000000000000011111111111110000000000000000000000000011111111110000000000000000000000000000000000
000000000001111111111111111111111111111111111111111000000000000000011111111111110000000000000000000000000011111111110000000000000000000000000000000000
000000000001111111111111111111111111111111111111111000000000000000011111111111110000000000000000000000000011111111110000000000000000000000000000000000
000000000001111111111000000000000000000001111111111000000000000000011111111111110000000000000000000000000011111111110000000000000000000000000000000000
000000000001111111111000000000000000000001111111111000000000000000011111111111110000000000000000000000000011111111110000000000000000000000000000000000
000000000001111111111000000000000000000001111111111000000000000000011111111111110000000000000000000000000011111111110000000000000000000000000000000000
000000000001111111111000000000000000000001111111111000000000000000011111111111110000000000000000000000000011111111110000000000000000000000000000000000
000000000001111111111000000000000000000001111111111000000000000000011111111111110000000000000000000000000011111111110000000000000000000000000000000000
000000000001111111111000000000000000000001111111111000000000000000011111111111110000000000000000000000000011111111110000000000000000000000000000000000
000000000001111111111000000000000000000001111111111000000000000000011111111110000000000000000000000000000011111111110000000000000000000000000000000000
000000000001111111111000000000000000000001111111111000000000000000011111111110000000000000000000000000000011111111110000000000000000000000000000000000
000000000001111111111000000000000000000001111111111000000000000000011111111110000000000000000000000000000011111111110000000000000000000000000000000000
000000000001111111111000000000000000000000001110000000000000000000011111111110000000000000000000000000000011111111110000000000000000000000000000000000
000000000001111111111000000000000000000000001110000000000000000000011111111110000000000000000000000000000011111111110000000000000000000000000000000000
000000000001111111111000000000000000000000001110000000000000000000011111111110000000000000000000000000000011111111110000000000000000000000000000000000
000000000001111111111000000000000000000000000000000000000000000000011111111110000000000000000000000000000011111111110000000000000000000000000000000000
000000000001111111111000000000000000000000000000000000000000000000011111111110000000000000000000000000000011111111110000000000000000000000000000000000
000000000001111111111000000000000000000000000000000000000000000000111111111110000000000000000000000000000011111111110000000000000000000000000000000000
000000000001111111111000000000000000000000000000000000000000000011111111111110000000000000000000000000000011111111110000000000000000000000000000000000
000000000001111111111000000000000000000000000000000000000000000011111111111110000000000000000000000000000011111111110000000000000000000000000000000000
000000000001111111111000000000000000000000000000000000000000000011111111111110000000000000000000000000000011111111110000000000000000000000000000000000
000000000001111111111000000000000000000000000000000000000000000011111111100000000000000000000000000000000011111111110000000000000000000000000000000000
000000000001111111111000000000000000000000000000000000000000000011111111100000000000000000000000000000000011111111110000000000000000000000000000000000
000000000001111111100000000000000000000000000000000000000000000011111111100000000000000000000000000000000011111111110000000000000000000000000000000000
000000000001111111000000000000000000000000000000000000000000000011111111100000000000000000000000000000000011111111110000000000000000000000000000000000
000000000001111111000000000000000000000000000000000000000000000011111111100000000000000000000000000000000011111111110000000000000000000000000000000000
000000000000000000000000000000000000000000000000000000000111111111111100000000000000000000000000000000000011111111110000000000000000000000000000000000
000000000000000000000000000000000000000000000000000000000111111111111100000000000000000000000000000000000011111111110000000000000000000000000000000000
000000000000000000000000000000000000000000000000000000000111111111111100000000000000000000000000000000000011111111110000000000000000000000000000000000
000000000000000000000000000000000000000000000000000000000111111111111100000000000000000000000000000000000011111111110000000000000000000000000000000000
000000000000000000000000000000000000000000000000000000000111111111111100000000000000000000000000000000000011111111110000000000000000000000000000000000
000000000000000000000000000000000000000000000000000000000111111111111100000000000000000000000000000000000011111111110000000000000000000000000000000000
000000000000000000000000000000000000000000000000000000000111111111100000000000000000000000000000000000000011111111110000000000000000000000000000000000
000000000000000000000000000000000000000000000000000000000111111111100000000000000000000000000000000000000011111111110000000000000000000000000000000000
000000000000000000000000000000000000000000000000000000000111111111100000000000000000000000000000000000000011111111110000000000000000000000000000000000
000000000000000000000000000000000000000000000000000000111111111100000000000000000000000000000000000000000011111111110000000000000000000000000000000000
000000000000000000000000000000000000000000000000000000111111111100000000000000000000000000000000000000000011111111110000000000000000000000000000000000
000000000000000000000000000000000000000000000000000000111111111100000000000000000000000000000000000000000011111111110000000000000000000000000000000000
000000000000000000000000000000000000000000000000000000111111000000000000000000000000000000000000000000000011111111110000000000000000000000000000000000
000000000000000000000000000000000000000000000000000000111111000000000000000000000000000000000000000000000011111111110000000000000000000000000000000000
000000000000000000000000000000000000000000000000000000111111000000000000000000000000000000000000000000000011111111110000000000000000000000000000000000
000000000000000000000000000000000000000000000000000111111000000000000000000000000000000000000000000000000011111111110000000000000000000000000000000000
000000000000000000000000000000000000000000000000000111111000000000000000000000000000000000000000000000000011111111110000000000000000000000000000000000
000000000000000000000000000000000000000000000000001111111000000000000000000000000000000000000000000000000011111111110000000000000000000000000000000000
000000000000000000000000000000000000000000000001111111000000000000000000000000000000000000000000000000000011111111110000000000000000000000000000000000
000000000000000000000000000000000000000000000001111111000000000000000000000000000000000000000000000000000011111111110000000000000000000000000000000000
000000000000000000000000000000000000000000000001111111000000000000000000000000000000000000000000000000000011111111110000000000000000000000000000000000
000000000000000000000000000000000000000000001111111000000000000000000000000000000000000000000000000000000011111111110000000000000000000000000000000000
000000000000000000000000000000000000000000001111111000000000000000000000000000000000000000000000000000000011111111110000000000000000000000000000000000
000000000000000000000000000000000000000000001111111000000000000000000000000000000000000000000000000000000011111111110000000000000000000000000000000000
000000000000000000000000000000000000000001111110000000000000000000000000000000000000000000000000000000000011111111110000000000000000000000000000000000
000000000000000000000000000000000000000001111110000000000000000000000000000000000000000000000000000000000011111111110000000000000000000000000000000000
000000000000000000000000000000000000000001111110000000000000000000000000000000000000000000000000000000000011111111110000000000000000000000000000000000
000000000000000000000000000000000000011111110000000000000000000000000000000000000000000000000000000000000011111111110000000000000000000000000000000000
000000000000000000000000000000000000011111110000000000000000000000000000000000000000000000000000000000000011111111110000000000000000000000000000000000
000000000000000000000000000000000000011111110000000000000000000000000000000000000000000000000000000000000011111111110000000000000000000000000000000000
000000000000000000000000000000000000000000000000000000000000000000000000000000000000000000000000000000000000011111110000000000000000000000000000000000
000000000000000000000000000000000000000000000000000000000000000000000000000000000000000000000000000000000000011111110000000000000000000000000000000000
000000000000000000000000000000000000000000000000000000000000000000000000000000000000000000000000000000000000011111110000000000000000000000000000000000
000000000000000000000000000000000000000000000000000000000000000000000000000000000000000000000000000000000000000000000000000000000000000000000000000000
000000000000000000000000000000000000000000000000000000000000000000000000000000000000000000000000000000000000000000000000000000000000000000000000000000
000000000000000000000000000000000000000000000000000000000000000000000000000000000000000000000000000000000000000000000000000000000000000000000000000000
000000000000000000000000000000000000000000000000000000000000000000000000000000000000000000000000000000000000000000000000000000000000000000000000000000
000000000000000000000000000000000000000000000000000000000000000000000000000000000000000000000000000000000000000000000000000000000000000000000000000000
000000000000000000000000000000000000000000000000000000000000000000000000000000000000000000000000000000000000000000000000000000000000000000000000000000
000000000000000000000000000000000000000000000000000000000000000000000000000000000000000000000000000000000000000000000000000000000000000000000000000000
000000000000000000000000000000000000000000000000000000000000000000000000000000000000000000000000000000000000000000000000000000000000000000000000000000
000000000000000000000000000000000000000000000000000000000000000000000000000000000000000000000000000000000000000000000000000000000000000000000000000000
000000000000000000000000000000000000000000000000000000000000000000000000000000000000000000000000000000000000000000000000000000000000000000000000000000
000000000000000000000000000000000000000000000000000000000000000000000000000000000000000000000000000000000000000000000000000000000000000000000000000000
000000000000000000000000000000000000000000000000000000000000000000000000000000000000000000000000000000000000000000000000000000000000000000000000000000
000000000000000000000000000000000000000000000000000000000000000000000000000000000000000000000000000000000000000000000000000000000000000000000000000000
