000000000000000000000000000000000000000000000000000000000000000000000000000000000000000000000000000000000000000000000000000000000000000000000000000000
000000000000000000000000000000000000000000000000000000000000000000000000000000000000000000000000000000000000000000000000000000000000000000000000000000
000000000000000000000000000000000000000000000000000000000000000000000000000000000000000000000000000000000000000000000000000000000000000000000000000000
000000000000000000000000000000000000000000000000000000000000000000000000000000000000000000000000000000000000000000000000000000000000000000000000000000
000000000000000000000000000000000000000000000000000000000000000000000000000000000000000000000000000000000000000000000000000000000000000000000000000000
000000000000000000000000000000000000000000000000000000000000000000000000000000000000000000000000000000000000000000000000000000000000000000000000000000
000000000000000000000000000000000000000000000000000000000000000000000000000000000000000000000000000000000000000000000000000000000000000000000000000000
000000000000000000000000000000000000000000000000000000000000000000000000000000000000000000000000000000000000000000000000000000000000000000000000000000
000000000000000000000000000000000000000000000000000000000000000000000000000000000000000000000000000000000000000000000000000000000000000000000000000000
000000000000000000000000000000000000000000000000000000000000000000000000000000000000000000000000000000000000000000000000000000000000000000000000000000
000000000000000000000000000000000000000000000000000000000000000000000000000000000000000000000000000000000000000000000000000000000000000000000000000000
000000000000000000000000000000000000000000000000000000000000000000000000000000000000000000000000000000000000000000000000000000000000000000000000000000
000000000000000000000000001111111111100000000000000000000000000000000000000000000000000000000000000000000000001111000000000000000000000000000000000000
000000000000000000000000011111111111110000000000000000000000000000000000000000000000000000000000000000000000001111100000000000000000000000000000000000
000000000000000000000000111111111111111000000000000000000000000000000000000000000000000000000000000000000000111111111111110000000000000000000000000000
000000000000000000000001111111111111111100000000000000000000000000000000000000000000000000000000000000000011111111111111111110000000000000000000000000
000000000000000000000011111111111111111110000000000000000000000000000000000000000000000000000000000000000011111111111111111111000000000000000000000000
000000000000000000000011111111111111111111100000000000000000000000000000000000000000000000000000000000000111111111111111111111100000000000000000000000
000000000000000000000011111111111111111111110000000000000000000000000000000000000000000000000000000000011111111111111111111111110000000000000000000000
000000000000000000000011111111111111111111110000000000000000011111111111111111111111111111111111111111111111111111111111111111111000000000000000000000
000000000000000000000011111111111111111111110000000000000000111111111111111111111111111111111111111111111111111111111111111111111000000000000000000000
000000000000000000000011111111111111111111100000000000000000111111111111111111111111111111111111111111111111111111111111111111111000000000000000000000
000000000000000000000011111111111111111111000000000000000000111111111111111111111111111111111111111111111111111111111111111111111000000000000000000000
000000000000000000000011111111111111111110000000000000000000111111111111111111111111111111111111111111111111111111111111111111111000000000000000000000
000000000000000000000111111111111111111100000000000000000000011111111111111111111111111111111111111111111111111111111111111111111000000000000000000000
000000000000000000001111111111111111111000000000000000000000000000000000000000000000011111111111111111111111111111111111111111111000000000000000000000
000000000000000000011111111111111111110000000000000000000000000000000000000000000000001111101111111111111111111111111111111111111000000000000000000000
000000000000000000111111111111111111110000000000000000000000000000000000000000000000000111000111111111111111111111111111111111111000000000000000000000
000000000000000000111111111111111111100000000000000000000000000000000000000000000000000000000001111111111111111111111111111111110000000000000000000000
000000000000000000111111111111111111000000000000000000000000000000000000000000000000000000000000111111111111111111111111111111000000000000000000000000
000000000000000000111111111111111100000000000000000000000000000000000000000000000000000000000000011111111111111111111111111000000000000000000000000000
000000000000000001111111111111111100000000000000000000000000000000000000000000000000000000000000011111111111111111111111110000000000000000000000000000
000000000000000011111111111111111100000000000000000000000000000000000000000000000000000000000000111111111111111111111111000000000000000000000000000000
000000000000000111111111111111111100000000000000000000000000000000000000000000000000000000000001111111111111111111111100000000000000000000000000000000
000000000000001111111111111111111000000000000000000000000000000000000000000000000000000000000011111111111111111111111000000000000000000000000000000000
000000000000001111111111111111110000000000000000000000000000000000000000000000000000000000000011111111111111111111110000000000000000000000000000000000
000000000000001111111111111111000000000000000111100000000000000000000000000000000000000000000011111111111111111111100000000000000000000000000000000000
000000000000001111111111111111000000000000001111110000000000000000000000000000000000000000000011111111111111111111000000000000000000000000000000000000
000000000000111111111111111110000000000000111111111111000000000000000000000000000000000000001111111111111111111111000000000000000000000000000000000000
000000000001111111111111111100000000000001111111111111100000000000000000000000000000000000011111111111111111111111000000000000000000000000000000000000
000000000001111111111111111000000000000001111111111111110000000000000000000000000000000000011111111111111111111111000000000000000000000000000000000000
000000000011111111111111111000000000000001111111111111111100000000000000000000000000000000011111111111111111111110000000000000000000000000000000000000
000000000011111111111111111000000000000001111111111111111110000000000000000000000000000000011111111111111111111000000000000000000000000000000000000000
000000000111111111111111111000000000000011111111111111111110000000000000000000000000000000111111111111111111111000000000000000000000000000000000000000
000000000111111111111111110000000000000111111111111111111110000000000000000000000000000001111111111111111111110000000000000000000000000000000000000000
000000001111111111111111110000000000001111111111111111111110000000000000000000000000000011111111111111111111110000000000000000000000000000000000000000
000000011111111111111111100000000000011111111111111111111100000000000000000000000000000111111111111111111111110000000000000000000000000000000000000000
000000011111111111111110000000000000111111111111111111111000000000000000000000000000001111111111111111111111111000000000000000000000000000000000000000
000000111111111111111100000000000000111111111111111111110000000000000000000000000000001111111111111111111111111000000000000000000000000000000000000000
000000111111111111111100000000000011111111111111111111000000000000000000000000000000111111111111111111111111111111111111000000000000000000000000000000
000000111111111111111110000000000111111111111111111110000000000000000000000000000001111111111111111111111111111111111111110000000000000000000000000000
000000111111111111111110000000001111111111111111111100000000000000000000000000000011111111111111111111111111111111111111111000000000000000000000000000
000011111111111111111111111111111111111111111111111000000000000000000000000000000111111111111111111111111111111111111111111111100000000000000000000000
000111111111111111111111111111111111111111111111110000000000000000000000000000001111111111111111111111111111111111111111111111110000000000000000000000
000111111111111111111111111111111111111111111111100000000000000000000000000000011111111111111111111000111111111111111111111111111000000000000000000000
000111111111111111111111111111111111111111111111100000000000000000000000000001111111111111111111110000011111111111111111111111111110000000000000000000
000111111111111111111111111111111111111111111111100000000000000000000000000011111111111111111111100000000000011111111111111111111111111100000000000000
000111111111111111111111111111111111111111111111100000000000000000000000000011111111111111111110000000000000001111111111111111111111111110000000000000
000011111111111111111111111111111111111111111111000000000000000000000000001111111111111111111100000000000000000111111111111111111111111110000000000000
000000111111111111111111111111111111111111111100000000000000000000000000111111111111111111110000000000000000000011111111111111111111111110000000000000
000000111111111111111111111111111111111111111000000000000000000000000001111111111111111111100000000000000000000001111111111111111111111110000000000000
000000011111111111111111111111111111111111110000000000000000000000000011111111111111111111000000000000000000000000111111111111111111111111000000000000
000000001111111111111111111111111111111111100000000000000000000000000111111111111111111110000000000000000000000000011111111111111111111111110000000000
000000000000000000000111111111111111111111000000000000000000000000011111111111111111111000000000000000000000000000001111111111111111111111110000000000
000000000000000000000011111111111111111110000000000000000000000000111111111111111111111000000000000000000000000000000111111111111111111111111000000000
000000000000000000000011111111111111111100000000000000000000000001111111111111111111110000000000000000000000000000000011111111111111111111111000000000
000000000000000000000011111111111111111000000000000000000000000011111111111111111111100000000000000000000000000000000000011111111111111111111000000000
000000000000000000000011111111111111100000000000000000000000000111111111111111111111000000000000000000000000000000000000011111111111111111111000000000
000000000000000000000111111111111111000000000000000000000000001111111111111111111110000000000000000000000000000000000000011111111111111111111000000000
000000000000000000001111111111111110000000000000000000000111111111111111111111111100000000000000000000000000000000000000011111111111111111111000000000
000000000000000000011111111111111100000000000000000000000111111111111111111110000000000000000000000000000000000000000000011111111111111111110000000000
000000000000000000111111111111111100000000000000000000001111111111111111111100000000000000000000000000000000000000000000011111111111111111100000000000
000000000000000000111111111111111100000000000000000000011111111111111111111000000000000000000000000000000000000000000000011111111111111111000000000000
000000000000000000111111111111111100000000000000000000111111111111111100000000000000000000000000000000000000000000000000001111111111111111000000000000
000000000000000000111111111111111100000000000000000001111111111111110000000000000000000000000000000000000000000000000000000111111111111110000000000000
000000000000000001111111111111111000000000000000000011111111111111100000000000000000000000000000000000000000000000000000001111111111111110000000000000
000000000000000011111111111111110000000000000000001111111111111111000000000000000000000000000000000000000000000000000001111111111111111100000000000000
000000000000000111111111111111100000000000000000011111111111100000000000000000000000000000000000000000000000000000000011111111111111110000000000000000
000000000000001111111111111111000000000000000000011111111111000000000000000000000000000000000000000000000000000000000111111111111111110000000000000000
000000000001111111111111111111000000000000000000011111111110000000000000000000000000000000000000000000000000000000111111111111111111110000000000000000
000000000011111111111111111111000000000000000000011111000000000000000000000000000000000000000000000000000000000001111111111111111111110000000000000000
000000000111111111111111111111100000000000000000111111000000000000000000000000000000000000000000000000000000000001111111111111111111110000000000000000
000011111111111111111111111111111111111111111111111111000000000000000000000000000000000000000000000011100000000111111111111111111111111100000000000000
000111111111111111111111111111111111111111111111111111000000000000000001111000000000000000010000001111111000001111111111111111111111111110000000000000
000111111111111111111111111111111111111111111111111110000000000011111111111100000000000000111111111111111100011111111111111111111111111110000000000000
000111111111111111111111111111111111111111111111111110000000000111111111111110000000000001111111111111111110011111111111111111111111111110000000000000
000111111111111111111111111111111111111111111111110000000000011111111111111111111111111111111111111111111111111111111111111111111111111110000000000000
000111111111111111111111111111111111111111111111100000000000011111111111111111111111111111111111111111111111111111111111111111111111111110000000000000
000111111111111111111111111111111111111111111111000000000000011111111111111111111111111111111111111111111111111111111111111111111111111100000000000000
000111111111111111111111111111111111111111111100000000000000011111111111111111111111111111111111111111111111111111111111111111111111111100000000000000
000111111111111111111111111111111111110000000000000000000000001111111111111111111111111111111111111111111111111000000001111111111111111000000000000000
000011111111111111111111111111111111100000000000000000000000000111111111111111111111111111111111111111111111110000000000111111111111110000000000000000
000011111111111111111111111111111111000000000000000000000000000011111111111111111111111111111111111111111111100000000000000111111111000000000000000000
000001111111111111111111100000000000000000000000000000000000000000000000000000000011111111111111111111111000000000000000000000000000000000000000000000
000000011111111111111110000000000000000000000000000000000000000000000000000000000001111111111111111111100000000000000000000000000000000000000000000000
000000001111111111111100000000000000000000000000000000000000000000000000000000000000111111111111111111000000000000000000000000000000000000000000000000
000000000000000000000000000000000000000000000000000000000000000000000000000000000000011111111111111111000000000000000000000000000000000000000000000000
000000000000000000000000000000000000000000000000000000000000000000000000000000000000001111111111111111000000000000000000000000000000000000000000000000
000000000000000000000000000000000000000000000000000000000000000000000000000000000000001111111111111111000000000000000000000000000000000000000000000000
000000000000000000000000000000000000000000000000000000000000000000000000000000000000001111111111111111000000000000000000000000000000000000000000000000
000000000000000000000000000000000000000000000000000000000000000000000000000000000000001111111111111111000000000000000000000000000000000000000000000000
000000000000000000000000000000000000000000000000000000000000000000000000000000000000001111111111111111000000000000000000000000000000000000000000000000
000000000000000000000000000000000000000000000000000000000000000000000000000000000000001111111111111111000000000000000000000000000000000000000000000000
000000000000000000000000000000000011111111111111111111110000000000000000000000000000001111111111111111000000000000000000000000000000000000000000000000
000000000000000000000000000000000111111111111111111111111000000000000000000000000000001111111111111111000000000000000000000000000000000000000000000000
000000000000000000000000000000001111111111111111111111110000000000000000000000000000001111111111111111000000000000000000000000000000000000000000000000
111111111111111111111111111111111111111111111111111111100000000000000000000000000000001111111111111111000000000000000000000000000000000000000000000000
111111111111111111111111111111111111111111111111111111000000000000000000000000000000001111111111111111000000000000000000000000000000000000000000000000
111111111111111111111111111111111111111111111111111110000000000000000000000000000000001111111111111111000000000000000000000000000000000000000000000000
111111111111111111111111111111111111111111111111111100000000000000000000000000000000001111111111111111000000000000000000000000000000000000000000000000
111111111111111111111111111111111111111111111100000000000000000000000000000000000000001111111111111111000000000000000000000000000011111100000000000000
111111111111111111111111111111111111111111111000000000000000000000000000000000000000001111111111111111000000000000000000000000000111111110000000000000
111111111111111111111111111111111111111111110000000000000000000000000000000000000000001111111111111111000000000000000000000000001111111111000000000000
111111111111111111111111111111111111111111000000000000000000000000000000000000000000001111111111111111000000000000000000000000011111111111111110000000
111111111111111111111111111111111100000000000000000000000000000000000000000000000000001111111111111111000000000000000000000000111111111111111111000000
111111111111111111111111111111111000000000000000000000000000000000000000000000000000011111111111111111000000000000000000000001111111111111111111100000
111111111111111111111111111111110000000000000000000000000000000000000000000000000000111111111111111111100000000000000000000111111111111111111111111000
111111111111111111111111111000000000000000000000000000000000000000000000000000000001111111111111111111100000000000000000001111111111111111111111111100
111111111111111111111111110000000000000000000000000000000000000000000000000000000001111111111111111111110000000000000000011111111111111111111111111111
111111111111111111111111100000000000000000000000000000000000000000000000000000000011111111111111111111111000000000000001111111111111111111111111111111
111111111111111111111000000000000000000000000000001111111111111111111111111111111111111111111111111111111111111111111111111111111111111111111111111111
000111111111111111110000000000000000000000000000111111111111111111111111111111111111111111111111111111111111111111111111111111111111111111111111111111
000111111111111111000000000000000000000000000001111111111111111111111111111111111111111111111111111111111111111111111111111111111111111111111111111111
000011111111111100000000000000000000000000000011111111111111111111111111111111111111111111111111111111111111111111111111111111111111111111111111111111
000000000000000000000000000000000000000000000111111111111111111111111111111111111111111111111111111111111111111111111111111111111111111111111111111111
000000000000000000000000000000000000000000001111111111111111111111111111111111111111111111111111111111111111111111111111111111111111111111111111111100
000000000000000000000000000000000000000000001111111111111111111111111111111111111111111111111111111111111111111111111111111111111111111111111111111000
000000000000000000000000000000000000000000001111111111111111111111111111111111111111111111111111111111111111111111111111111000000111111111111111100000
000000000000000000000000000000000000000000000111111111111111111111111111111111111111111111111111111111111111111111111111110000000111111111111111000000
000000000000000000000000000000000000000000000001111111111111111111111111111111111111111111111111111111111111111111111111000000000011111111111110000000
000000000000000000000000000000000000000000000000000000000000000000000000000000000000000000000000000000000000000000000000000000000000000000000000000000
000000000000000000000000000000000000000000000000000000000000000000000000000000000000000000000000000000000000000000000000000000000000000000000000000000
000000000000000000000000000000000000000000000000000000000000000000000000000000000000000000000000000000000000000000000000000000000000000000000000000000
000000000000000000000000000000000000000000000000000000000000000000000000000000000000000000000000000000000000000000000000000000000000000000000000000000
000000000000000000000000000000000000000000000000000000000000000000000000000000000000000000000000000000000000000000000000000000000000000000000000000000
000000000000000000000000000000000000000000000000000000000000000000000000000000000000000000000000000000000000000000000000000000000000000000000000000000
000000000000000000000000000000000000000000000000000000000000000000000000000000000000000000000000000000000000000000000000000000000000000000000000000000
000000000000000000000000000000000000000000000000000000000000000000000000000000000000000000000000000000000000000000000000000000000000000000000000000000
000000000000000000000000000000000000000000000000000000000000000000000000000000000000000000000000000000000000000000000000000000000000000000000000000000
000000000000000000000000000000000000000000000000000000000000000000000000000000000000000000000000000000000000000000000000000000000000000000000000000000
000000000000000000000000000000000000000000000000000000000000000000000000000000000000000000000000000000000000000000000000000000000000000000000000000000
000000000000000000000000000000000000000000000000000000000000000000000000000000000000000000000000000000000000000000000000000000000000000000000000000000
000000000000000000000000000000000000000000000000000000000000000000000000000000000000000000000000000000000000000000000000000000000000000000000000000000
000000000000000000000000000000000000000000000000000000000000000000000000000000000000000000000000000000000000000000000000000000000000000000000000000000
000000000000000000000000000000000000000000000000000000000000000000000000000000000000000000000000000000000000000000000000000000000000000000000000000000
000000000000000000000000000000000000000000000000000000000000000000000000000000000000000000000000000000000000000000000000000000000000000000000000000000
000000000000000000000000000000000000000000000000000000000000000000000000000000000000000000000000000000000000000000000000000000000000000000000000000000
000000000000000000000000000000000000000000000000000000000000000000000000000000000000000000000000000000000000000000000000000000000000000000000000000000
000000000000000000000000000000000000000000000000000000000000000000000000000000000000000000000000000000000000000000000000000000000000000000000000000000
000000000000000000000000000000000000000000000000000000000000000000000000000000000000000000000000000000000000000000000000000000000000000000000000000000
