000000000000000000000000000000000000000000000000000000000000000000000000000000000000000000000000000000000000000000000000000000000000000000000000000000
000000000000000000000000000000000000000000000000000000000000000000000000000000000000000000000000000000000000000000000000000000000000000000000000000000
000000000000000000000000000000000000000000000000000000000000000000000000000000000000000000000000000000000000000000000000000000000000000000000000000000
000000000000000000000000000000000000000000000000000000000000000000000000000000000000000000000000000000000000000000000000000000000000000000000000000000
000000000000000000000000000000000000000000000000000000000000000000000000000000000000000000000000000000000000000000000000000000000000000000000000000000
000000000000000000000000000000000000000000000000000000000000000000011111111111111111110000000000000000000000000000000000000000000000000000000000000000
000000000000000000000000000000000000000000000000000000000000000001111111111111111111111000000000000000000000000000000000000000000000000000000000000000
000000000000000000000000000000000000000000000000000000000000000011111111111111111111111000000000000000000000000000000000000000000000000000000000000000
000000000000000000000000000000000000000000000000000000000000000011111111111111111111111000000000000000000000000000000000000000000000000000000000000000
000000000000000000000000000000000000000000000000000000000000000011111111111111111111111000000000000000000000000000000000000000000000000000000000000000
000000000000000000000000000000000000000000000000000000000000000011111111111111111111111000000000000000000000000000000000000000000000000000000000000000
000000000000000000000000000000000000000000000000000000000000000011111111111111111111111110000000000000000000000000000000000000000000000000000000000000
000000000000000000000000000000000000000000000000000000000000000011111111111111111111111111100000000000000000000000000000000000000000000000000000000000
000000000000000000000000000000000000000000000000000000000000000011111111111111111111111111110000000000000000000000000000000000000000000000000000000000
000000000000000000000000000000000000000000000000000000000000000011111111111111111111111111100000000000000000000000000000000000000000000000000000000000
000000000000000000000000000000000000000000000000000000000000000011111111111111111111111110000000000000000000000000000000000000000000000000000000000000
000000000000000000000000000000000000000000000000000000000000000011111111111111111111111100000000000000000000000000000000000000000000000000000000000000
000000000000000000000000000000000000000000000000000000000000000011111111111111111111111100000000000000000000000000000000000000000000000000000000000000
000000000000000000000000000000000000000000000000000000000000000011111111111111111111111000000000000000000000000000000000000000000000000000000000000000
000000000000000000000000000000000000000000000000000000000000000011111111111111111111111000000000000000000000000000000000000000000000000000000000000000
000000000000000000000000000000000000000000000000000000000000000011111111111111111111111000000000000000000000000000000000000000000000000000000000000000
000000000000000000000000000000000000000000000000000000000000000011111111111111111111111000000000000000000000000000000000000000000000000000000000000000
000000000000000000000000000000000000000000000000000000000000000011111111111111111111111000000000000000000000000000000000000000000000000000000000000000
000000000000000000000000000000000000000000000000000000000000000011111111111111111111111000000000000000000000000000000000000000000000000000000000000000
000000000000000000000000000000000000000000000000000000000000000011111111111111111111111000000000000000000000000000000000000000000000000000000000000000
000000000000000000000000000000000000000000000000000000000000000011111111111111111111111000000000000000000000000000000000000000000000000000000000000000
000000000000000000000000000000000000000000000000000000000000000011111111111111111111111000000000000000000000000000000000000000000000000000000000000000
000000000000000000000000000000000000000000000000000000000000000011111111111111111111111000000000000000000000000000000000000000000000000000000000000000
000000000000000000000000000000000000000000000000000000000000000011111111111111111111111000000000000000000000000000000000000000000000000000000000000000
000000000000000000000000000000000000000000000000000000000000000011111111111111111111111000000000000000000000000000000000000000000000000000000000000000
000000000000000000000000000000000000000000000000000000000000000011111111111111111111111000000000000000000000000000000000000000000000000000000000000000
000000000000000000000000000000000000000000000000000000000000000011111111111111111111111000000000000000000000000000000000000000000000000000000000000000
000000000000000000000000000000000000000000000000000000000000000011111111111111111111111000000000000000000000000000000000000000000000000000000000000000
000000000000000000000000000000000000000000000000000000000000000011111111111111111111111000000000000000000000000000000000000000000000000000000000000000
000000000000000000000000000000000000000000000000000000000000000011111111111111111111111000000000000000000000000000000000000000000000000000000000000000
000000001111000000000000000000000000000000000000000000000000000011111111111111111111111000000000000000000000000000000000000000000011111111111000000000
000000111111110000000000000000000000000000000000000000000000000011111111111111111111111000000000000000000000000000000000000000001111111111111100000000
000001111111111100000000000000000000000000000000000000000000000111111111111111111111111100000000000000000000000000000000000000111111111111111110000000
000001111111111111111110000000000000000000000000000000000001111111111111111111111111111111111111111111111110000000000000001111111111111111111111100000
000001111111111111111111000000000000000000000000000000000111111111111111111111111111111111111111111111111111100000000000111111111111111111111111110000
000011111111111111111111000000000000000000000000000000011111111111111111111111111111111111111111111111111111110000000001111111111111111111111111111000
000111111111111111111111100000000000000000000000000000111111111111111111111111111111111111111111111111111111111100000111111111111111111111111111111000
111111111111111111111111111111111111111111111111111111111111111111111111111111111111111111111111111111111111111111111111111111111111111111111111111111
111111111111111111111111111111111111111111111111111111111111111111111111111111111111111111111111111111111111111111111111111111111111111111111111111111
001111111111111111111111111111111111111111111111111111111111111111111111111111111111111111111111111111111111111111111111111111111111111111111111111111
000111111111111111111111111111111111111111111111111111111111111111111111111111111111111111111111111111111111111111111111111111111111111111111111111111
000111111111111111111111111111111111111111111111111111111111111111111111111111111111111111111111111111111111111111111111111111111111111111111111111111
000011111111111111111111111111111111111111111111111111111111111111111111111111111111111111111111111111111111111111111111111111111111111111111111111111
000001111111111111111111111111111111111111111111111111111111111111111111111111111111111111111111111111111111111111111111111111111111111111111111111111
000001111111111111111111111111000000000000000000000000000011111111111111111111111111111100000000000000000000000000000000011111111111111111111111111111
000001111111111111111111111110000000000000000000000000000001111111111111111111111111111100000000000000000000000000000000001111111111111111111111111111
000001111111111111111111111110000000000000000000000000000000011111111111111111111111111000000000000000000000000000000000000011111111111111111111111111
000001111111111111111111111100000000000000000000000000000000001111111111111111111111111000000000000000000000000000000000000011111111111111111111111111
000001111111111111111111100000000000000000000000000000000000000111111111111111111111111000000000000000000000000000000000000011111111111111111111111111
000001111111111111111111000000000000000000000000000000000000000011111111111111111111111000000000000000000000000000000000000011111111111111111111111111
000001111111111111111111000000000000000000000000000000000000000011111111111111111111111000000000000000000000000000000000000011111111111111111111111111
000001111111111111111111000000000000000000000000000000000000000011111111111111111111111000000000000000000000000000000000000011111111111111111111111111
000001111111111111111111000000000000000000000000000000000000000011111111111111111111111000000000000000000000000000000000000011111111111111111111111111
000001111111111111111111000000000000000000000000000000000000000011111111111111111111111000000000000000000000000000000000000011111111111111111111111111
000001111111111111111111000000000000000000000000000000000000000011111111111111111111111000000000000000000000000000000000000011111111111111111111111000
000001111111111111111111000000000000000000000000000000000000000011111111111111111111111000000000000000000000000000000000000011111111111111111111110000
000001111111111111111111000000000000000000000000000000000000000011111111111111111111111000000000000000000000000000000000000011111111111111111111110000
000001111111111111111111000000000000000000000000000000000000000011111111111111111111111000000000000000000000000000000000000011111111111111111111110000
000001111111111111111111000000000000000000000000000000000000000011111111111111111111111000000000000000000000000000000000000011111111111111111111110000
000001111111111111111111000000000000000000000000000000000000000011111111111111111111111000000000000000000000000000000000000011111111111111111111110000
000001111111111111111111000000000000000000000000000000000000000011111111111111111111111000000000000000000000000000000000000011111111111111111111110000
000001111111111111111111000000000000000000000000000000000000000011111111111111111111111000000000000000000000000000000000000011111111111111111111111000
000001111111111111111111000000000000000000000000000000000000000011111111111111111111111000000000000000000000000000000000000011111111111111111111111000
000001111111111111111111000000000000000000000000000000000000000011111111111111111111111000000000000000000000000000000000000011111111111111111111111100
000001111111111111111111000000000000000000000000000000000000000011111111111111111111111000000000000000000000000000000000000011111111111111111111111111
000001111111111111111111000000000000000000000000000000000000000011111111111111111111111000000000000000000000000000000000000011111111111111111111111111
000001111111111111111111000000000000000000000000000000000000000011111111111111111111111000000000000000000000000000000000000011111111111111111111111111
000001111111111111111111000000000000000000000000000000000000000011111111111111111111111000000000000000000000000000000000000111111111111111111111111111
000001111111111111111111000000000000000000000000000000000000000011111111111111111111111100000000000000000000000000000000001111111111111111111111111000
000001111111111111111111100000000000000000000000000000000000000011111111111111111111111100000000000000000000000000000000001111111111111111111111111000
000001111111111111111111100000000000000000000000000000000000000011111111111111111111111110000000000000000000000000000000011111111111111111111111110000
000001111111111111111111111000000000000000000000000000000000000011111111111111111111111111100000000000000000000000000001111111111111111111111111110000
000001111111111111111111111100000000000000000000000000000000000011111111111111111111111111110000000000000000000000000011111111111111111111111111110000
000001111111111111111111111110000000000000000000000000000000000111111111111111111111111111111000000000000000000000000011111111111111111111111111110000
000001111111111111111111111111111111111111111111111111111111111111111111111111111111111111111111111111111111111111111111111111111111111111111111110000
000001111111111111111111111111111111111111111111111111111111111111111111111111111111111111111111111111111111111111111111111111111111111111111111110000
000001111111111111111111111111111111111111111111111111111111111111111111111111111111111111111111111111111111111111111111111111111111111111111111110000
000001111111111111111111111111111111111111111111111111111111111111111111111111111111111111111111111111111111111111111111111111111111111111111111110000
000001111111111111111111111111111111111111111111111111111111111111111111111111111111111111111111111111111111111111111111111111111111111111111111110000
000001111111111111111111111111111111111111111111111111111111111111111111111111111111111111111111111111111111111111111111111111111111111111111111111000
000001111111111111111111111111111111111111111111111111111111111111111111111111111111111111111111111111111111111111111111111111111111111111111111111000
000001111111111111111111111111110000000000000000000000000000000111111111111111111111111100000000000000000000000000000000011111111111111111111111111111
000001111111111111111111111111000000000000000000000000000000000011111111111111111111111100000000000000000000000000000000001111111111111111111111111111
000001111111111111111111111110000000000000000000000000000000000011111111111111111111111000000000000000000000000000000000001111111111111111111111111111
000001111111111111111111111110000000000000000000000000000000000011111111111111111111111000000000000000000000000000000000000111111111111111111111111111
000001111111111111111111111100000000000000000000000000000000000011111111111111111111111000000000000000000000000000000000000011111111111111111111111100
000001111111111111111111111100000000000000000000000000000000000011111111111111111111111000000000000000000000000000000000000011111111111111111111111000
000001111111111111111111111000000000000000000000000000000000000011111111111111111111111000000000000000000000000000000000000011111111111111111111110000
000001111111111111111111100000000000000000000000000000000000000011111111111111111111111000000000000000000000000000000000000001111111111111111111110000
000001111111111111111111100000000000000000000000000000000000000011111111111111111111111000000000000000000000000000000000000000111111111111111111110000
000001111111111111111111000000000000000000000000000000000000000011111111111111111111111000000000000000000000000000000000000000001111111111111111100000
000001111111111111111111000000000000000000000000000000000000000011111111111111111111111000000000000000000000000000000000000000000000000000000000000000
000001111111111111111111000000000000000000000000000000000000000011111111111111111111111000000000000000000000000000000000000000000000000000000000000000
000001111111111111111111000000000000000000000000000000000000000011111111111111111111111000000000000000000000000000000000000000000000000000000000000000
000000011111111111111110000000000000000000000000000000000000000011111111111111111111111000000000000000000000000000000000000000000000000000000000000000
000000000000000000000000000000000000000000000000000000000000000011111111111111111111111000000000000000000000000000000000000000000000000000000000000000
000000000000000000000000000000000000000000000000000000000000000011111111111111111111111000000000000000000000000000000000000000000000000000000000000000
000000000000000000000000000000000000000000000000000000000000000011111111111111111111111000000000000000000000000000000000000000000000000000000000000000
000000000000000000000000000000000000000000000000000000000000000011111111111111111111111000000000000000000000000000000000000000000000000000000000000000
000000000000000000000000000000000000000000000000000000000000000011111111111111111111111000000000000000000000000000000000000000000000000000000000000000
000000000000000000000000000000000000000000000000000000000000000011111111111111111111111000000000000000000000000000000000000000000000000000000000000000
000000000000000000000000000000000000000000000000000000000000000011111111111111111111111000000000000000000000000000000000000000000000000000000000000000
000000000000000000000000000000000000000000000000000000000000000011111111111111111111111000000000000000000000000000000000000000000000000000000000000000
000000000000000000000000000000000000000000000000000000000000000011111111111111111111111000000000000000000000000000000000000000000000000000000000000000
000000000000000000000000000000000000000000000000000000000000000011111111111111111111111000000000000000000000000000000000000000000000000000000000000000
000000000000000000000000000000000000000000000000000000000000000011111111111111111111111000000000000000000000000000000000000000000000000000000000000000
000000000000000000000000000000000000000000000000000000000000000011111111111111111111111000000000000000000000000000000000000000000000000000000000000000
000000000000000000000000000000000000000000000000000000000000000011111111111111111111111000000000000000000000000000000000000000000000000000000000000000
000000000000000000000000000000000000000000000000000000000000000011111111111111111111111000000000000000000000000000000000000000000000000000000000000000
000000000000000000000000000000000000000000000000000000000000000011111111111111111111111000000000000000000000000000000000000000000000000000000000000000
000000000000000000000000000000000000000000000000000000000000000011111111111111111111111000000000000000000000000000000000000000000000000000000000000000
000000000000000000000000000000000000000000000000000000000000000011111111111111111111111000000000000000000000000000000000000000000000000000000000000000
000000000000000000000000000000000000000000000000000000000000000011111111111111111111111000000000000000000000000000000000000000000000000000000000000000
000000000000000000000000000000000000000000000000000000000000000011111111111111111111111000000000000000000000000000000000000000000000000000000000000000
000000000000000000000000000000000000000000000000000000000000000011111111111111111111111000000000000000000000000000000000000000000000000000000000000000
000000000000000000000000000000000000000000000000000000000000000011111111111111111111111000000000000000000000000000000000000000000000000000000000000000
000000000000000000000000000000000000000000000000000000000000000011111111111111111111111000000000000000000000000000000000000000000000000000000000000000
000000000000000000000000000000000000000000000000000000000000000011111111111111111111111000000000000000000000000000000000000000000000000000000000000000
000000000000000000000000000000000000000000000000000000000000011111111111111111111111111000000000000000000000000000000000000000000000000000000000000000
000000000000000000000000000000000000000000000000000000000001111111111111111111111111111000000000000000000000000000000000000000000000000000000000000000
000000000000000000000000000000000000000000000000000000000001111111111111111111111111111000000000000000000000000000000000000000000000000000000000000000
000000000000000000000000000000000000000000000000000000000001111111111111111111111111111000000000000000000000000000000000000000000000000000000000000000
000000000000000000000000000000000000000000000000000000000001111111111111111111111111111000000000000000000000000000000000000000000000000000000000000000
000000000000000000000000000000000000000000000000000000000001111111111111111111111111111000000000000000000000000000000000000000000000000000000000000000
000000000000000000000000000000000000000000000000000000000001111111111111111111111111111000000000000000000000000000000000000000000000000000000000000000
000000000000000000000000000000000000000000000000000000000001111111111111111111111111111000000000000000000000000000000000000000000000000000000000000000
000000000000000000000000000000000000000000000000000000000001111111111111111111111111111000000000000000000000000000000000000000000000000000000000000000
000000000000000000000000000000000000000000000000000000000001111111111111111111111111111000000000000000000000000000000000000000000000000000000000000000
000000000000000000000000000000000000000000000000000000000001111111111111111111111111111000000000000000000000000000000000000000000000000000000000000000
000000000000000000000000000000000000000000000000000000000001111111111111111111111111111000000000000000000000000000000000000000000000000000000000000000
000000000000000000000000000000000000000000000000000000000000111111111111111111111111111000000000000000000000000000000000000000000000000000000000000000
000000000000000000000000000000000000000000000000000000000000001111111111111111111111111000000000000000000000000000000000000000000000000000000000000000
000000000000000000000000000000000000000000000000000000000000001111111111111111111111111000000000000000000000000000000000000000000000000000000000000000
000000000000000000000000000000000000000000000000000000000000000111111111111111111111110000000000000000000000000000000000000000000000000000000000000000
000000000000000000000000000000000000000000000000000000000000000011111111111111111111110000000000000000000000000000000000000000000000000000000000000000
000000000000000000000000000000000000000000000000000000000000000000111111111111111000000000000000000000000000000000000000000000000000000000000000000000
000000000000000000000000000000000000000000000000000000000000000000001111111111100000000000000000000000000000000000000000000000000000000000000000000000
000000000000000000000000000000000000000000000000000000000000000000000001111111000000000000000000000000000000000000000000000000000000000000000000000000
000000000000000000000000000000000000000000000000000000000000000000000000000000000000000000000000000000000000000000000000000000000000000000000000000000
000000000000000000000000000000000000000000000000000000000000000000000000000000000000000000000000000000000000000000000000000000000000000000000000000000
000000000000000000000000000000000000000000000000000000000000000000000000000000000000000000000000000000000000000000000000000000000000000000000000000000
000000000000000000000000000000000000000000000000000000000000000000000000000000000000000000000000000000000000000000000000000000000000000000000000000000
000000000000000000000000000000000000000000000000000000000000000000000000000000000000000000000000000000000000000000000000000000000000000000000000000000
000000000000000000000000000000000000000000000000000000000000000000000000000000000000000000000000000000000000000000000000000000000000000000000000000000
000000000000000000000000000000000000000000000000000000000000000000000000000000000000000000000000000000000000000000000000000000000000000000000000000000
