000000000000000000000000000000000000000000000000000000000000000000000000000000000000000000000000000000000000000000000000000000000000000000000000000000
000000000000000000000000000000000000000000000000000000000000000000000000000000000000000000000000000000000000000000000000000000000000000000000000000000
000000000000000000000000000000000000000000000000000000000000000000000000000000000000000000000000000000000000000000000000000000000000000000000000000000
000000000000000000000000000000000000000000000000000000000000000000000000000000000000000000000000000000000000000000000000000000000000000000000000000000
000000000000000000000000000000000000000000000000000000000000000000000000000000000000000000000000000000000000000000000000000000000000000000000000000000
000000000000000000000000000000000000000000000000000000000000000000000000000000000000000000000000000000000000000000000000000000000000000000000000000000
000000000000000000000000000000000000000000000000000000000000000000000000000000000000000000000000000000000000000000000000000000000000000000000000000000
000000000000000000000000000000000000000000000000000000000000000000000000000000000000000000000000000000000000000000000000000000000000000000000000000000
000000000000000000000000000000000000000000000000000000000000000000000000000000000000000000000000000000000000000000000000000000000000000000000000000000
000000000000000000000000000000000000000000000000000000000000000000000000000000000000000000000000000000000000000000000000000000000000000000000000000000
000000000000000000000000000000000000000000000000000000000000000000000011100000000000000000000000000000000000000000000000000000000000000000000000000000
000000000000000000000000000000000000000000000000000000000000000000000011100000000000000000000000000000000000000000000000000000000000000000000000000000
000000000000000000000000000000000000000000000000000000000000000000000011100000000000000000000000000000000000000000000000000000000000000000000000000000
000000000000000000000000000000000000000000000000000000000000000000000011111111110000000000000000000000000000000000000000001111000000000000000000000000
000000000000000000000000000000000000000000000000000000000000000000000011111111110000000000000000000000000000000000000000001111000000000000000000000000
000000000000000000000000000000000000000000000000000000000000000000000011111111110000000000000000000000000000000000000000001111000000000000000000000000
000000000000000000000000000000000000000000000000000000000000000000000011111111111111111111111111111111111111111111111111111111111000000000000000000000
000000000000000000000000000000000000000000000000000000000000000000000011111111111111111111111111111111111111111111111111111111111000000000000000000000
000000000000000000000000000000000000000000000000000000000000000000000011111111111111111111111111111111111111111111111111111111111000000000000000000000
000000000000000000000000000000000000000000000000000000000000000000000011111111110000000000000000000000000000000000001111111111111000000000000000000000
000000000000000000000000000000000000000000000000000000000000000000000011111111110000000000000000000000000000000000001111111111111000000000000000000000
000000000000000000000000000000000000000000000000000000000000000000000011111111110000000000000000000000000000000000001111111111111000000000000000000000
000000000000000000000000000000000000000000000001111111000000000000000011111111110000000000000000000000000000000000001111111111111000000000000000000000
000000000000000000000000000000000000000000000001111111000000000000000011111111110000000000000000000000000000000000001111111111111000000000000000000000
000000000000000000000000000000000000000000000001111111000000000000000011111111110000000000000000000000000000000000001111111111111000000000000000000000
000000001111111111111111111111111111110000001111111111111000000000000011111111110000000000000000000000000000000000000001111111111000000000000000000000
000000001111111111111111111111111111110000001111111111111000000000000011111111110000000000000000000000000000000000000001111111111000000000000000000000
000000001111111111111111111111111111110000001111111111111000000000000011111111110000000000000000000000000000000000000001111111111000000000000000000000
000000001111111111111111111111111111111111111111111111111111111111111111111111110000000000000000000000000000000000000001111111111000000000000000000000
000000001111111111111111111111111111111111111111111111111111111111111111111111110000000000000000000000000000000000000001111111111000000000000000000000
000000001111111111111111111111111111111111111111111111111111111111111111111111110000000000000000000000000000000000000001111111111000000000000000000000
000000000000000000000000000000000000000000001111111111111111111111111111111111110000000000000000000000000000000000000001111111111000000000000000000000
000000000000000000000000000000000000000000001111111111111111111111111111111111110000000000000000000000000000000000000001111111111000000000000000000000
000000000000000000000000000000000000000000001111111111111111111111111111111111110000000000000000000000000000000000000001111111111000000000000000000000
000000000000000000000000000000000000000000001111111111111000000000000011111111110000000000000000000000000000000000000001111111111000000000000000000000
000000000000000000000000000000000000000000001111111111111000000000000011111111110000000000000000000000000000000000000001111111111000000000000000000000
000000000000000000000000000000000000000000001111111111111000000000000011111111110000000000000000000000000000000000000001111111111000000000000000000000
000000000000000000000000000000000000000000001111111111111000000000000011111111110000000000000000000000000000000000000001111111111000000000000000000000
000000000000000000000000000000000000000000001111111111111000000000000011111111110000000000000000000000000000000000000001111111111000000000000000000000
000000000000000000000000000000000000000000001111111111111000000000000011111111110000000000000000000000000000000000000001111111111000000000000000000000
000000000000000000000000000000000000000000001111111111111000000000000011111111110000000000000111111111111100000000000001111111111000000000000000000000
000000000000000000000000000000000000000000001111111111111000000000000011111111110000000000000111111111111100000000000001111111111000000000000000000000
000000000000000000000000000000000000000000001111111111111000000000000011111111110000000000000111111111111100000000000001111111111000000000000000000000
000000000000000000000000000000000000000000001111111111000000000000000011111111110000000000000111111111111100000000000000001111111000000000000000000000
000000000000000000000000000000000000000000001111111111000000000000000011111111110000000000000111111111111100000000000000001111111000000000000000000000
000000000000000000000000000000000000000000001111111111000000000000000011111111110000000000000111111111111100000000000000001111111000000000000000000000
000000000001111000000000000000000000000000001111111111000000000000000011111111110000000000000111111111100000000000000000001111111000000000000000000000
000000000001111000000000000000000000000000001111111111000000000000000011111111110000000000000111111111100000000000000000001111111000000000000000000000
000000000001111100000000000000000000000000001111111111000000000000000011111111110000000000001111111111100000000000000000001111111000000000000000000000
000000000001111111111000000000000000000000001111111111000000000000000011111111110000000000000111111111100000000000000000001111111000000000000000000000
000000000001111111111000000000000000000000001111111111000000000000000011111111110000000000000111111111100000000000000000001111111000000000000000000000
000000000000000001111111000000000000000001111111111111000000000000011111111111110000000000000111111111100000000000000001111111111000000000000000000000
000000000000000000111111000000000000000001111111111111000000000000011111111111110000000000000111111111100000000000000001111111111000000000000000000000
000000000000000000111111000000000000000001111111111111000000000000011111111111110000000000000111111111100000000000000001111111111000000000000000000000
000000000000000000000111111111100000000001111111111000000000000000011111111111110000000000000111111111100000000000000001111111111000000000000000000000
000000000000000000000111111111100000000001111111111000000000000000011111111111110000000000000111111111100000000000000001111111111000000000000000000000
000000000000000000000111111111100000000001111111111000000000000000011111111111110000000000000111111111100000000000000001111111111000000000000000000000
000000000000000000000000111111111111111111111111111000000000000000011111111111110000000000111111111111100000000000000001111111111000000000000000000000
000000000000000000000000111111111111111111111111111000000000000000011111111111110000000000111111111111100000000000000001111111111000000000000000000000
000000000000000000000000111111111111111111111111111000000000000000011111111111110000000000111111111111100000000000000001111111111000000000000000000000
000000000000000000000000111111111111111111111111111000000000000000011111111111110000000000111111111111100000000000000001111111111000000000000000000000
000000000000000000000000111111111111111111111111111000000000000000011111111111110000000000111111111111100000000000000001111111111000000000000000000000
000000000000000000000000111111111111111111111111111000000000000000011111111111110000000000111111111111100000000000000001111111111000000000000000000000
000000000000000000000000000011111111111111111111111000000000000000011111111111110000000000111111111111100000000000000001111111111000000000000000000000
000000000000000000000000000011111111111111111111111000000000000000011111111111110000000000111111111111100000000000000001111111111000000000000000000000
000000000000000000000000000011111111111111111111111000000000000000011111111111110000000000111111111111100000000000000001111111111000000000000000000000
000000000000000000000000000000011111111111111111111000000000000000011111111111110000000000111111111111100000000000000001111111111000000000000000000000
000000000000000000000000000000011111111111111111111000000000000000011111111111110000000000111111111111100000000000000001111111111000000000000000000000
000000000000000000000000000000011111111111111111111000000000000000011111111111110000000000111111111111100000000000000001111111111000000000000000000000
000000000000000000000000000000000011111111111111111000000000000000011111111111110000000000111111111100000000000000000001111111111000000000000000000000
000000000000000000000000000000000011111111111111111000000000000000011111111111110000000000111111111000000000000000000001111111111000000000000000000000
000000000000000000000000000000000011111111111111111000000000000000011111111111110000000000111111111000000000000000000001111111111000000000000000000000
000000000000000000000000000000000011111111111111111000000000000000011111111111110000000000111111111000000000000000000001111111111000000000000000000000
000000000000000000000000000000000011111111111111111000000000000000011111111111110000000000111111111000000000000000000001111111111000000000000000000000
000000000000000000000000000000000011111111111111111000000000000000011111111111110000000000111111111000000000000000000001111111111000000000000000000000
000000000000000000000000000000000011111111111111111111000000000000011111111111110000000000111111111000000000000000000001111111111000000000000000000000
000000000000000000000000000000000011111111111111111111000000000000011111111111110000000000111111111000000000000000000001111111111000000000000000000000
000000000000000000000000000000000011111111111111111111000000000000011111111111110000000000111111111100000000000000000001111111111000000000000000000000
000000000000000000000000000000000011111111111111111111000000000000011111111111111111111111111111111111100000000000000001111111111000000000000000000000
000000000000000000000000000000000011111111111111111111000000000000011111111111111111111111111111111111100000000000000001111111111000000000000000000000
000000000000000000000000000000000011111111111111111111000000000000011111111111111111111111111111111111100000000000000001111111111000000000000000000000
000000000000000000000000000011111111111111111111111111111000000000011111111111111111111111111111111111111111111111111111111111111000000000000000000000
000000000000000000000000000011111111111111111111111111111000000000011111111111111111111111111111111111111111111111111111111111111000000000000000000000
000000000000000000000000000011111111111111111111111111111000000000011111111111111111111111111111111111111111111111111111111111111000000000000000000000
000000000000000000000000000011111111111111111111111111111111111111111111111111111111111111111111111111111111111111111111111111111000000000000000000000
000000000000000000000000000011111111111111111111111111111111111111111111111111111111111111111111111111111111111111111111111111111000000000000000000000
000000000000000000000000000011111111111111111111111111111111111111111111111111111111111111111111111111111111111111111111111111111000000000000000000000
000000000000000000000000000011111111110000000001111111111111111111111111111111111111111111111111111111111111100000000001111111000000000000000000000000
000000000000000000000000000011111111110000000001111111111111111111111111111111111111111111111111111111111111100000000001111111000000000000000000000000
000000000000000000000000000011111111110000000001111111111111111111111111111111111111111111111111111111111111100000000001111111000000000000000000000000
000000000000000000000000111111111100000000000001111111111111111100000000000000001111111111111111111111111111100000000000000000000000000000000000000000
000000000000000000000000111111111100000000000001111111111111111100000000000000001111111111111111111111111111100000000000000000000000000000000000000000
000000000000000000000000111111111100000000000001111111111111111100000000000000001111111111111111111111111111100000000000000000000000000000000000000000
000000000000000000000000111111100000000000000001111111111111000000000000000000001111111111111111111111111111100000000000000000000000000000000000000000
000000000000000000000000111111100000000000000001111111111111000000000000000000001111111111111111111111111111100000000000000000000000000000000000000000
000000000000000000000000111111100000000000000001111111111111000000000000000000001111111111111111111111111111100000000000000000000000000000000000000000
000000000000000000000111111100000000000000000001111111111111000000000000000000001111111111111111111111111111100000000000000000000000000000000000000000
000000000000000000000111111100000000000000000001111111111111000000000000000000001111111111111111111111111111100000000000000000000000000000000000000000
000000000000000000001111111100000000000000000001111111111111000000000000000000001111111111111111111111111111100000000000000000000000000000000000000000
000000000000000000111111111100000000000000000000000111111000000000000000000000001111111111111111111111111111100000000000000000000000000000000000000000
000000000000000000111111111100000000000000000000000111111000000000000000000000001111111111111111111111111111100000000000000000000000000000000000000000
000000000000000111111111100000000000000000000000000001100000000000000000000001111111111111111111111111111111100000000000000000000000000111111111111111
000000000000000111111111000000000000000000000000000000000000000000000000000001111111111111111111111111111111100000000000000000000000000111111111111111
000000000000000111111111000000000000000000000000000000000000000000000000000001111111111111111111111111111111100000000000000000000000000111111111111111
000000000000000111111000000000000000000000000000000000000000000000000000011111111111111111111111111111111111100000000000000000000111111111111111111111
000000000000000111111000000000000000000000000000000000000000000000000000011111111111111111111111111111111111100000000000000000000111111111111111111111
000000000000000111111000000000000000000000000000000000000000000000000000011111111111111111111111111111111111100000000000000000000111111111111111111111
000000001111111111000000000000000000000000000000000000000000000000000000011111111111111111000000111111111111100000000000000000000111111111111111100000
000000001111111111000000000000000000000000000000000000000000000000000000011111111111111111000000111111111111100000000000000000000111111111111111100000
000000001111111111000000000000000000000000000000000000000000000000000000011111111111111111000000111111111111100000000000000000000111111111111111100000
000000001111000000000000000000000000000000000000000000000000000000000000011111111110000000000000111111111111100000000000000000000111111111111100000000
000000001110000000000000000000000000000000000000000000000000000000000000011111111110000000000000111111111111100000000000000000000111111111111100000000
000000001110000000000000000000000000000000000000000000000000000000000000011111111110000000000000111111111111100000000000000000000111111111111100000000
000001110000000000000000000000000000000000000000000000000000000000000011111111110000000000000000111111111111100000000000000000000111111111100000000000
000001110000000000000000000000000000000000000000000000000000000000000011111111110000000000000000111111111111100000000000000000000111111111100000000000
000001110000000000000000000000000000000000000000000000000000000000000011111111110000000000000000111111111111100000000000000000000111111111100000000000
000000000000000000000000000000000000000000000000000000000000000000011111111111110000000000000000111111111111100000000000000000000111111111100000000000
000000000000000000000000000000000000000000000000000000000000000000011111111111110000000000000000111111111111100000000000000000000111111111100000000000
000000000000000000000000000000000000000000000000000000000000000000011111111111110000000000000000111111111111100000000000000000000111111111100000000000
000000000000000000000000000000000000000000000000000000000111111111111111111110000000000000000000111111111111100000000000000000000111111111100000000000
000000000000000000000000000000000000000000000000000000000111111111111111111110000000000000000000111111111111100000000000000000000111111111100000000000
000000000000000000000000000000000000000000000000000000000111111111111111111110000000000000000000111111111111100000000000000000000111111111100000000000
000000000000000000000000000000000000000000000000000111111111111111111100000000000000000000000000111111111111111111111111111111111111111111100000000000
000000000000000000000000000000000000000000000000000111111111111111111100000000000000000000000000111111111111111111111111111111111111111111100000000000
000000000000000000000000000000000000000000000000001111111111111111111100000000000000000000000000111111111111111111111111111111111111111111100000000000
000000000000000000000000000000000000000000001111111111111111000000000000000000000000000000000000111111111111111111111111111111111111111111100000000000
000000000000000000000000000000000000000000001111111111111111000000000000000000000000000000000000111111111111111111111111111111111111111111100000000000
000000000000000000000000000000000000000000001111111111111111000000000000000000000000000000000000111111111111111111111111111111111111111111100000000000
000000000000000000000000000000000011111111111111111111000000000000000000000000000000000000000000111111111111111111111111111111111111111000000000000000
000000000000000000000000000000000011111111111111111111000000000000000000000000000000000000000000111111111111111111111111111111111111111000000000000000
000000000000000000000000000000000011111111111111111111000000000000000000000000000000000000000000111111111111111111111111111111111111111000000000000000
000000000000000000000000000000011111111111110000000000000000000000000000000000000000000000000000000000011111111111111111111111111000000000000000000000
000000000000000000000000000000011111111111110000000000000000000000000000000000000000000000000000000000011111111111111111111111111000000000000000000000
000000000000000000000000000000011111111111110000000000000000000000000000000000000000000000000000000000011111111111111111111111111000000000000000000000
000000000000000000000000000000000000000000000000000000000000000000000000000000000000000000000000000000000000000000000000000000000000000000000000000000
000000000000000000000000000000000000000000000000000000000000000000000000000000000000000000000000000000000000000000000000000000000000000000000000000000
000000000000000000000000000000000000000000000000000000000000000000000000000000000000000000000000000000000000000000000000000000000000000000000000000000
000000000000000000000000000000000000000000000000000000000000000000000000000000000000000000000000000000000000000000000000000000000000000000000000000000
000000000000000000000000000000000000000000000000000000000000000000000000000000000000000000000000000000000000000000000000000000000000000000000000000000
000000000000000000000000000000000000000000000000000000000000000000000000000000000000000000000000000000000000000000000000000000000000000000000000000000
000000000000000000000000000000000000000000000000000000000000000000000000000000000000000000000000000000000000000000000000000000000000000000000000000000
000000000000000000000000000000000000000000000000000000000000000000000000000000000000000000000000000000000000000000000000000000000000000000000000000000
000000000000000000000000000000000000000000000000000000000000000000000000000000000000000000000000000000000000000000000000000000000000000000000000000000
000000000000000000000000000000000000000000000000000000000000000000000000000000000000000000000000000000000000000000000000000000000000000000000000000000
000000000000000000000000000000000000000000000000000000000000000000000000000000000000000000000000000000000000000000000000000000000000000000000000000000
000000000000000000000000000000000000000000000000000000000000000000000000000000000000000000000000000000000000000000000000000000000000000000000000000000
000000000000000000000000000000000000000000000000000000000000000000000000000000000000000000000000000000000000000000000000000000000000000000000000000000
000000000000000000000000000000000000000000000000000000000000000000000000000000000000000000000000000000000000000000000000000000000000000000000000000000
000000000000000000000000000000000000000000000000000000000000000000000000000000000000000000000000000000000000000000000000000000000000000000000000000000
000000000000000000000000000000000000000000000000000000000000000000000000000000000000000000000000000000000000000000000000000000000000000000000000000000
