000000000000000000000000000000000000000000000000000000000000000000000000000000000000000000000000000000000000000000000000000000000000000000000000000000
000000000000000000000000000000000000000000000000000000000000000000000000000000000000000000000000000000000000000000000000000000000000000000000000000000
000000000000000000000000000000000000000000000000000000000000000000000000000000000000000000000000000000000000000000000000000000000000000000000000000000
000000000000000000000000000000000000000000000000000000000000000000000000000000000000000000000000000000000000000000000000000000000000000000000000000000
000000000000000000000000000000000000000000000000000000000000000000000000000000000000000000000000000000000000000000000000000000000000000000000000000000
000000000000000000000000000000000000000000000000000000000000000000000000000000000000000000000000000000000000000000000000000000000111111111111110000000
000000000000000000000000000000000000000000000000000000000000000000000000000000000000000000000000000000000000000000000000000000001111111111111111100000
000000000000000000000000000000000000000000000000000000000000000000000000000000000000000000000000000000000000000000000000000000001111111111111111100000
000000000000000000000000000000000000000000000000000000000000000000000000000000000000000000000000000000000000000000000000000000111111111111111111111100
000000000000000000000000000000000000000000000000000000000000000000000000000000011111100000000000000000000000000000000000000001111111111111111111111111
000000000000000000000000000000000000000000000000000000000000000000000000000000111111111000000000000000000000000000000000000011111111111111111111111111
000000000000000000000000000000000000000000000000000000000000000000000000000111111111111100000000000000000000000000000000000011111111111111111111111111
000000000000000000000000000000000000000000000000000000000000000000000000011111111111111110000000000000000000000000000000000011111111111111111111111111
000000000000000000000000000000000000000000000000000000000000000000000000011111111111111111100000000000000000000000000000000011111111111111111111111111
000000000000000000000000000000000000000000000000000000000000000000000001111111111111111111110000000000000000000000000000000011111111111111111111111111
000000000000000000000000000000000000000000000000000000000000000000000011111111111111111111111000000000000000000000000000000011111111111111111111111111
000000000000000000000000000000000000000000000000000000000000000000000111111111111111111111111100000000000000000000000000000011111111111111111111110000
000000000000000000000000000000000000000000000000000000000000000000000111111111111111111111111110000000000000000000000000000001111111111111111111100000
000000000000000000000000000000000000000000000000000000000000000000001111111111111111111111111110000000000000000000000000000000111111111111111111100000
000000000000000000011111111111111111111111111111111111111111111111111111111111111111111111111110000000000000000000000000000000011111111111111111100000
000000000000000000111111111111111111111111111111111111111111111111111111111111111111111111111110000000000000000000000000000000011111111111111111100000
000000000000000001111111111111111111111111111111111111111111111111111111111111111111111111111110000000000000000000000000000000001111111111111111100000
000011111111111111111111111111111111111111111111111111111111111111111111111111111111111111111110000000000000000000000000000000001111111111111111100000
000011111111111111111111111111111111111111111111111111111111111111111111111111111111111111111110000000000000000000000000000000001111111111111111100000
000011111111111111111111111111111111111111111111111111111111111111111111111111111111111111111110000000000000000000000000000000001111111111111111100000
000000000000000000000000000111111111111111111111111111111111111111110000000000000000000000000000000000000000000000000000000000001111111111111111100000
000000000000000000000000000000011111111111111111111111111111111111000000000000000000000000000001111111111111111111100000000000001111111111111111100000
000000000000000000000000000000001111111111111111111111111111111110000000000000000000000000000001111111111111111111110000000000001111111111111111100000
000000000000000000000000000000001111111111111111111111111111111100000000000000000000000000000001111111111111111111110000000000001111111111111111100000
000000000000000000000000000000000111111111111111111111111111111000000000000000000000000000000001111111111111111111110000000000001111111111111111100000
000000000000000000000000000000000001111111111111111111111111100000000000000000000000000000000001111111111111111111110000000000001111111111111111100000
000000000000000000000000000000000001111111111111111111111111000000000000000000000000000000000001111111111111111111100000000000001111111111111111100000
000000000000000000000000000000000111111111111111111111111000000000000000000000000000000000000001111111111111111111000000000000001111111111111111100000
000000000000000000000000000000001111111111111111111111000000000000000000000000000000000000000001111111111111111110000000000000001111111111111111100000
000000000000000000000000000000011111111111111111111110000000000000000000000000000000000000000001111111111111111100000000000000001111111111111111100000
000000000000000000000000000001111111111111111111111000000000000000011111111100000000000000000001111111111111111100000000000000001111111111111111100000
000000000000000000000000000111111111111111111111100000000000000000111111111111000000000000000001111111111111111100000000000000001111111111111111100000
000000000000000000000000001111111111111111111111000000000000000000111111111111100000000000000001111111111111111100000000000000001111111111111111100000
000000000000000000000000011111111111111111111110000000000000000000111111111111111111000000000001111111111111111100000000000000001111111111111111100000
000000000000000000000001111111111111111111111000000000000000000000111111111111111111110000000001111111111111111100000000000000001111111111111111100000
000000000000000000000001111111111111111111110000000000000000000000111111111111111111111100000001111111111111111110000000000000001111111111111111100000
000000000000000000000001111111111111111111110000000000000000000000011111111111111111111110000001111111111111111111000000000000001111111111111111100000
000000000000000000000001111111111111111111100000000000000000000000001111111111111111111111000001111111111111111111110000000000001111111111111111100000
000000000000000000000011111111111111111111000000000000000000000000000111111111111111111111100011111111111111111111110000000000001111111111111111100000
000000000000000000000111111111111111111100000000000000000000000000000111111111111111111111111011111111111111111111110000000000001111111111111111100000
000000000000000011111111111111111111111000000000000000000000000000000111111111111111111111111111111111111111111111110000000000001111111111111111100000
000000000000000111111111111111111111110000000000000000000000000000000111111111111111111111111111111111111111111111110000000000001111111111111111100000
000000000000001111111111111111111111110000000000000000000000000000000111111111111111111111111111111111111111111111110000000000001111111111111111100000
000000000000001111111111111111111111110000000000000000000000000000001111111111111111111111111111111111111111111111110000000000001111111111111111100000
000000001111111111111111111111111111111111100000011000000000000000011111111111111111111111111111111111111111111111100000000000001111111111111111100000
000000011111111111111111111111111111111111110001111110000000000000111111111111111111111111111111111111111111111110000000000000001111111111111111100000
000000111111111111111111111111111111111111111001111111000000000001111111111111111111111111111111111111111111111100000000000000001111111111111111100000
000001111111111111111111111111111111111111111111111111111111111111111111111111111111111111111111111111111111111100000000000000001111111111111111100000
000111111111111111111111111111111111111111111111111111111111111111111111111111111111111111111111111111111111111100000000000000001111111111111111100000
000111111111111111111111111111111111111111111111111111111111111111111111111111111111111111111111111111111111111100000000000000001111111111111111100000
000111111111111111111111111111111111111111111111111111111111111111111111111111111111111111111111111111111111111111000000000000001111111111111111100000
000001111111111111111111111111111111111111111111111111111111111111111111111111111111111111111111111111111111111111100000000000001111111111111111100000
000000111111111111111111111111111111111111111111111111111111111111111111111111111111111111111111111111111111111111110000000000001111111111111111100000
000000001111111111111111111111111111111111111111111111111111111111111111111111111111111111111111111111111111111111110000000000001111111111111111100000
000000000011111111111111111111111111111111111111111111111111111000000000000011111111111111111111111111111111111111110000000000001111111111111111100000
000000000001111111111111111111111111111111111111111111111111110000000000000000111111111111111111111111111111111111110000000000001111111111111111100000
000000000001111111111111111111111111111111111111111111111111110000000000000000111111111111111111111111111111111111110000000000001111111111111111100000
000000000000011111111111111111111111111111111111111111111111110000000000000000111111111111111111111111111111111111110000000000001111111111111111100000
000000000000001111111000000000000000000111111111111111111111100000000000000000111111111111111111111111111111111111110000000000001111111111111111100000
000000000000000111100000000000000000000011111111111111111111000000000000000000011111111111111111111111111111111111110000000000001111111111111111100000
000000000000000010000000000000000000000011111111111111111111000000000000000000001111111111111111111111111111111111110000000000001111111111111111100000
000000000000000000000000000000000000000011111111111111111110000000000000000000000011111111111111111111111111111111110000000000001111111111111111100000
000000000000000000000000000000000000000011111111111111111110000000000000000000000000000000000011111111111111111111110000000000001111111111111111100000
000000000000000000000000000000000000000011111111111111111100000000000000000000000000000000000001111111111111111111110000000000001111111111111111100000
000000000000000000000000000000000000000011111111111111111000000000000000000000000000000000000001111111111111111111110000000000001111111111111111100000
000000000000000000000000000000000000000011111111111111111000000000000000000000000000000000000001111111111111111111110000000000001111111111111111100000
000000000000000000000000000000000000000011111111111111111000000000000000000000000000000000000001111111111111111111110000000000001111111111111111100000
000000000000000000000000000000000000000011111111111111111000000000000000000000000000000000000001111111111111111111110000000000001111111111111111100000
000000000000000000000000000000000000000011111111111111111000000000000000000000011111100000000001111111111111111111110000000000001111111111111111100000
000000000000000000000000000000000000000011111111111111111000000000000000000000111111111000000001111111111111111111110000000000001111111111111111100000
000000000000000000000000000000000000000011111111111111111000000000000000000011111111111110000001111111111111111111110000000000001111111111111111100000
000000000000000000000000000000000000000011111111111111111000000000000000001111111111111111100001111111111111111111110000000000001111111111111111100000
000000000000000000000000000000000000000011111111111111111000000000000000011111111111111111110001111111111111111111110000000000001111111111111111100000
000000000000000000000000000000000000000111111111111111111100000000000000111111111111111111110011111111111111111111110000000000001111111111111111100000
000000000000000000000000000000000000011111111111111111111110000000000001111111111111111111111111111111111111111111110000000000001111111111111111100000
000000000000000000000000000000000000111111111111111111111111100000000111111111111111111111111111111111111111111111110000000000001111111111111111100000
000000000000000000000000000000000001111111111111111111111111110000000111111111111111111111111111111111111111111111110000000000001111111111111111100000
000000000000111111111111111111111111111111111111111111111111111111111111111111111111111111111111111111111111111111110000000000001111111111111111100000
000000000001111111111111111111111111111111111111111111111111111111111111111111111111111111111111111111111111111111110000000000001111111111111111100000
000000000001111111111111111111111111111111111111111111111111111111111111111111111111111111111111111111111111111111110000000000001111111111111111100000
000000000001111111111111111111111111111111111111111111111111111111111111111111111111111111111111111111111111111111110000000000001111111111111111100000
000000000001111111111111111111111111111111111111111111111111111111111111111111111111111111111111111111111111111111110000000000001111111111111111100000
000000000001111111111111111111111111111111111111111111111111111111111111111111111111111111111111111111111111111111110000000000001111111111111111100000
000000000001111111111111111111111111111111111111111111111111111111111111111111111111111111111111111111111111111111110000000000001111111111111111100000
000000000000111111111111111111111111111111111111111111111111111111111111111111111111111111111111111111111111111111110000000000001111111111111111100000
000000000000000000000000000000000000000111111111111111111111000000000000000000000000000000000011111111111111111111110000000000001111111111111111100000
000000000000000000000000000000000000000111111111111111111110000000000000000000000000000000000011111111111111111111110000000000001111111111111111100000
000000000000000000000000000000000000000011111111111111111100000000000000000000000000000000000001111111111111111111110000000000001111111111111111100000
000000000000000000000000000000000000000011111111111111111000000000000000000000000000000000000001111111111111111111110000000000001111111111111111100000
000000000000000000000000000000000000000011111111111111111000000000000000000000000000000000000001111111111111111111110000000000001111111111111111100000
000000000000000000000000000000000000000011111111111111111000000000000000000000000000000000000001111111111111111111110000000000001111111111111111100000
000000000000000000000000000000000000000011111111111111111000000000000000000000000000000000000001111111111111111111110000000000001111111111111111100000
000000000000000000000000000000000000000011111111111111111000000000000000000000000000000000000001111111111111111111110000000000001111111111111111100000
000000000000000000000000000000000000000011111111111111111000000000000000000000000000000000000001111111111111111111110000000000001111111111111111110000
000000000000000000000000000000000000000011111111111111111000000000000000000000000000000000000001111111111111111111110000000000001111111111111111111111
000000000000000000000000000000000000000011111111111111111000000000000000000000000000000000000001111111111111111111110000000000001111111111111111111111
000000000000000000000000000000000000000011111111111111111000000000000000000000000000000000000001111111111111111111110000000000001111111111111111111111
000000000000000000000000000000000000000011111111111111111000000000000000000000000000000000000000111111111111111111100000000000001111111111111111111111
000000000000000000000000000000000000000011111111111111111000000000000000000000000001111111100000001111111111111110000000000000001111111111111111111000
000000000000000000000000000000000000000011111111111111111000000000000000000000000011111111110000001111111111111100000000000000001111111111111111100000
000000000000000000000000000000000000000011111111111111111110000000000000000000001111111111110000000111111111111000000000000000001111111111111111100000
000000000000000000000000000000000000000011111111111111111111000000000000000000011111111111110000000011111111110000000000000000001111111111111111100000
000000000000000000000000000000000000000011111111111111111111100000000000000000111111111111110000000000111111000000000000000000001111111111111111100000
000000000000000000000000000000000000000111111111111111111111110000000000000001111111111111110000000000111110000000000000000000001111111111111111111000
000000000000000000000000000000000000000111111111111111111111111100000000000111111111111111110000000000001000000000000000000000001111111111111111111100
000000000000000000000000000000000000001111111111111111111111111111111111111111111111111111110000000000000000000000000000000000001111111111111111111111
000000000000000000000000000000000000111111111111111111111111111111111111111111111111111111100000000000000000000000000000000000001111111111111111111111
000000000000000000000000000000000001111111111111111111111111111111111111111111111111111111000000000000000000000000000000000000001111111111111111111111
000000000000000000000000000000000111111111111111111111111111111111111111111111111111111000000000000000000000000000000000000000001111111111111111111111
000000000000000000000000000000001111111111111111111111111111111111111111111111000000000000000000000000000000000000000000000000001111111111111111111111
000000000000000000000000000001111111111111111111111111111111111111111111111110000000000000000000000000000000000000000000000000001111111111111111111111
000000001111111111111111111111111111111111111111111111111111111111111111111000000000000000000000000000000000000000000000000000001111111111111111111111
000000011111111111111111111111111111111111111111111111111111111111111100000000000000000000000000000000000000000000000000000000011111111111111111111111
000000011111111111111111111111111111111111111111111111111111111111111000000000000000000000000000000000000000000000000000000000011111111111111111111111
000000111111111111111111111111111111111111111111111111111111111111110000000000000000000000000000000000000000000000000000000000011111111111111111111111
000000111111111111111111111111111111111111111111111111111110000000000000000000000000000000000000000000000000011111111111111111111111111111111111111111
000000111111111111111111111111111111111111111111111111111100000000000000000000000000000000000000000000000000111111111111111111111111111111111111111111
000000111111111111111111111111111111111111111111111111111000000000000000000000000000000000000000000000000001111111111111111111111111111111111111111111
000000111111111111111111111111111111111111111111111111000000000000000000000000000000000000000000000000000001111111111111111111111111111111111111111000
000000111111111111111111111111111111111111111111100000000000000000000000000000000000000000000000000000000001111111111111111111111111111111111111110000
000000111111111111111111111111111111111111111111000000000000000000000000000000000000000000000000000000000000111111111111111111111111111111111111100000
000000111111111111111111111111111111111111111100000000000000000000000000000000000000000000000000000000000000001111111111111111111111111111111111100000
000000111111111111111111111111111111100000000000000000000000000000000000000000000000000000000000000000000000000000001111111111111111111111111111100000
000000011111111111111111111111111111100000000000000000000000000000000000000000000000000000000000000000000000000000001111111111111111111111111111000000
000000001111111111111111111111111111000000000000000000000000000000000000000000000000000000000000000000000000000000000111111111111111111111111110000000
000000000011111111111111111111000000000000000000000000000000000000000000000000000000000000000000000000000000000000000001111111111111111111111100000000
000000000011111111111111111100000000000000000000000000000000000000000000000000000000000000000000000000000000000000000000111111111111111111111000000000
000000000011111111111111111000000000000000000000000000000000000000000000000000000000000000000000000000000000000000000000011111111111111111110000000000
000000000001111111111100000000000000000000000000000000000000000000000000000000000000000000000000000000000000000000000000000000000000000000000000000000
000000000001111111111000000000000000000000000000000000000000000000000000000000000000000000000000000000000000000000000000000000000000000000000000000000
000000000001111111110000000000000000000000000000000000000000000000000000000000000000000000000000000000000000000000000000000000000000000000000000000000
000000000000111111000000000000000000000000000000000000000000000000000000000000000000000000000000000000000000000000000000000000000000000000000000000000
000000000000000000000000000000000000000000000000000000000000000000000000000000000000000000000000000000000000000000000000000000000000000000000000000000
000000000000000000000000000000000000000000000000000000000000000000000000000000000000000000000000000000000000000000000000000000000000000000000000000000
000000000000000000000000000000000000000000000000000000000000000000000000000000000000000000000000000000000000000000000000000000000000000000000000000000
000000000000000000000000000000000000000000000000000000000000000000000000000000000000000000000000000000000000000000000000000000000000000000000000000000
000000000000000000000000000000000000000000000000000000000000000000000000000000000000000000000000000000000000000000000000000000000000000000000000000000
000000000000000000000000000000000000000000000000000000000000000000000000000000000000000000000000000000000000000000000000000000000000000000000000000000
000000000000000000000000000000000000000000000000000000000000000000000000000000000000000000000000000000000000000000000000000000000000000000000000000000
000000000000000000000000000000000000000000000000000000000000000000000000000000000000000000000000000000000000000000000000000000000000000000000000000000
000000000000000000000000000000000000000000000000000000000000000000000000000000000000000000000000000000000000000000000000000000000000000000000000000000
000000000000000000000000000000000000000000000000000000000000000000000000000000000000000000000000000000000000000000000000000000000000000000000000000000
000000000000000000000000000000000000000000000000000000000000000000000000000000000000000000000000000000000000000000000000000000000000000000000000000000
000000000000000000000000000000000000000000000000000000000000000000000000000000000000000000000000000000000000000000000000000000000000000000000000000000
000000000000000000000000000000000000000000000000000000000000000000000000000000000000000000000000000000000000000000000000000000000000000000000000000000
