000000000000000000000000000000000000000000000000000000000111111111000000000000000000000000000000000000000000000000000000000000000000000000000000000000
000000000000000000000000000000000000000000000000000000000111111111000000000000000000000000000000000000000000000000000000000000000000000000000000000000
000000000000000000000000000000000000000000000000000000011111111111100000000000000000000000000000000000000000000000000000000000000000000000000000000000
000000000000000000000000000000000000000000000000000000111111111111110000000000000000000000000000000000000000000000000000000000000000000000000000000000
000000000000000000000000000000000000000000000000000001111111111111111000000000000000000000000000000000000000000000000000000000000000000000000000000000
000000000000000000000000000000000000000000000000000111111111111111111111110000000000000000000000000000000000000000000000000000000000000000000000000000
000000000000000000000000000000000000000000000000000111111111111111111111111000000000000000000000000000000000000000000000000000000000000000000000000000
000000000000000000000000000000000000000000000000001111111111111111111111111100000000000000000000000000000000000000000000000000000000000000000000000000
000000000000000000000000000000000000000000000000001111111111111111111111111100000000000000000000000000000000000000000000000000000000000000000000000000
000000000000000000000000000000000000000000000000001111111111111111111111111100000000000000000000000000000000000000000000000000000000000000000000000000
000000000000000000000000000000000000000000000000001111111111111111111111111100000000000000000000000000000000000000000000000000000000000000000000000000
000000000000000000000000000000000000000000000000000011111111111111111111111100000000000000000000000000000000000000000000000000000000000000000000000000
000000000000000000000000000000000000000000000000000001111111111111111111111100000000000000000000000000000000000000000000000000000000000000000000000000
000000000000000000000000000000000000000000000000000000111111111111111111111100000000000000000000000000000000000000000000000000000000000000000000000000
000000000000000000000000000000000000000000000000000000111111111111111111111000000000000000000000000000000000000000000000000000000000000000000000000000
000000000000000000000000000000000000000000000000000000111111111111111111100000000000000000000000000000000000000000000000000000000000000000000000000000
000000000000000000000000000000000000000000000000000000111111111111111111000000000000000000000000000000000000000000000000000000000000000000000000000000
000000000000000000000000000000000000000000000000000000111111111111111111000000000000000000000000000000000000000000000000000000000000000000000000000000
000000000000000000000000000000000000000000000000000000111111111111111111000000000000000000000000000000000000000000000000000000000000000000000000000000
000000000000000000000000000000000000000000000000000000111111111111111111000000000000000000000000000000000000000000000000000000000000000000000000000000
000000000000000000000000000000000000000000000000000000111111111111111111000000000000000000000000000000000000000000000000000000000000000000000000000000
000000000000000000000000000000000000000000000000000000111111111111111111000000000000000000000000000000000000000000000000000000000000000000000000000000
000000000000000000000000000000000000000000000000000000111111111111111111000000000000000000000000000000000000000000000000000000000000000000000000000000
000000000000000000000000000000000000000000000000000000111111111111111111000000000000000000000000000000000000000000000000000000000000000000000000000000
000000000000000000000000000000000000000000000000000000111111111111111111000000000000000000000000000000000000000000000000000000000000000000000000000000
000000000000000000000000000000000000000000000000000000111111111111111111000000000000000000000000000000000000000000000000000000000000000000000000000000
000000000000000000000000000000000000000000000000000000111111111111111111000000000000000000000000000000000000000000000000000000000000000000000000000000
000000000000000000000000000000000000000000000000000000111111111111111111000000000000000000000000000000000000000000000000000000000000000000000000000000
000000000000000000000000000000000000000000000000000000111111111111111111000000000000000000000000000000000000000000000000000000000000000000000000000000
000011111111111000000000000000000000000000000000000000111111111111111111000000000000000000000000000000000000000000000000000000000000000000000000000000
000111111111111100000000000000000000000000000000000000111111111111111111000000000000000000000000000000000000001111100000000000000000000000000000000000
000111111111111110000000000000000000000000000000000001111111111111111111000000000000000000000000000000000000011111110000000000000000000000000000000000
000111111111111111111100000000000000000000000000000011111111111111111111000000000000000000000000000000000000111111111111111000000000000000000000000000
000111111111111111111111100000000000000000000000001111111111111111111111000000000000000000000000000000000001111111111111111100000000000000000000000000
000111111111111111111111110000000000000000000000011111111111111111111111100000000000000000000000000000000111111111111111111110000000000000000000000000
000111111111111111111111111111111111111111111111111111111111111111111111111111111111111111111111111111111111111111111111111111100000000000000000000000
000111111111111111111111111111111111111111111111111111111111111111111111111111111111111111111111111111111111111111111111111111110000000000000000000000
000111111111111111111111111111111111111111111111111111111111111111111111111111111111111111111111111111111111111111111111111111110000000000000000000000
000111111111111111111111111111111111111111111111111111111111111111111111111111111111111111111111111111111111111111111111111111110000000000000000000000
000111111111111111111111111111111111111111111111111111111111111111111111111111111111111111111111111111111111111111111111111111110000000000000000000000
000111111111111111111111111111111111111111111111111111111111111111111111111111111111111111111111111111111111111111111111111111110000000000000000000000
000111111111111111111111111111111111111111111111111111111111111111111111111111111111111111111111111111111111111111111111111111110000000000000000000000
000111111111111111111111110000000000000000000000011111111111111111111111111000000000000000000000000011111111111111111111111111110000000000000000000000
000111111111111111111111100000000000000000000000001111111111111111111111100000000000000000000000000001111111111111111111111111110000000000000000000000
000111111111111111111111000000000000000000000000001111111111111111111111100000000000000000000000000001111111111111111111111111100000000000000000000000
000111111111111111111100000000000000000000000000001111111111111111111111000000000000000000000000000000111111111111111111111111000000000000000000000000
000111111111111111111100000000000000000000000000001111111111111111111111000000000000000000000000000000001111111111111111111110000000000000000000000000
000111111111111111111000000000000000000000000000001111111111111111111111000000000000000000000000000000000111111111111111111110000000000000000000000000
000111111111111111111000000000000000000000000000001111111111111111111111000000000000000000000000000000000011111111111111111100000000000000000000000000
000111111111111111111000000000000000000000000000001111111111111111111111000000000000000000000000000000000111111111111111111100000000000000000000000000
000111111111111111111000000000000000000000000000001111111111111111111111000000000000000000000000000000000111111111111111111100000000000000000000000000
000111111111111111111000000000000000000000000000001111111111111111111111000000000000000000000000000000001111111111111111111100000000000000000000000000
000111111111111111111000000000000000000000000000001111111111111111111111000000000000000000000000000000111111111111111111111100000000000000000000000000
000111111111111111111000000000000000000000000000001111111111111111111111000000000000000000000000000001111111111111111111111100000000000000000000000000
000111111111111111111000000000000000000000000000001111111111111111111111000000000000000000000000000001111111111111111111111100000000000000000000000000
000111111111111111111110000000000000000000000000001111111111111111111111000000000000000000000000000001111111111111111111111100000000000000000000000000
000111111111111111111111000000000000000000000000001111111111111111111111000000000000000000000000000001111111111111111111111100000000000000000000000000
000111111111111111111111100000000000000000000000001111111111111111111111000000000000000000000000000001111111111111111111111100000000000000000000000000
000111111111111111111111111100000000000000000000011111111111111111111111111100000000000000000000000011111111111111111111111100000000000000000000000000
000111111111111111111111111111111111100000000001111111111111111111111111111111111111000000111100001111111111111111111111111100000000000000000000000000
000111111111111111111111111111111111110000000011111111111111111111111111111111111111110001111100011111111111111111111111111100000000000000000000000000
000111111111111111111111111111111111111000011111111111111111111111111111111111111111111111111111111111111111111111111111111100000000000000000000000000
000111111111111111111111111111111111111111111111111111111111111111111111111111111111111111111111111111111111111111111111111100000000000000000000000000
000111111111111111111111111111111111111111111111111111111111111111111111111111111111111111111111111111111111111111111111111100000000000000000000000000
000111111111111111111111111111111111111111111111111111111111111111111111111111111111111111111111111111111111111111111111111100000000000000000000000000
000111111111111111111111111111111111111111111111111111111111111111111111111111111111111111111111111111111111111111111111111100000000000000000000000000
000111111111111111111111111111111111111111111111111111111111111111111111111111111111111111111111111111111111111111111111111100000000000000000000000000
000111111111111111111111111111111111111111001111111111111111111111111111111111111111111111111111111111111111111111111111111100000000000000000000000000
000111111111111111111111111111111111111110000111111111111111111111111111111111111111111111111111111111111111111111111111111100000000000000000000000000
000111111111111111111111111111111111111100000001111111111111111111111111111111111111111111111111111111111111111111111111111100000000000000000000000000
000111111111111111111100000000000000000000000000111111111111111111111111000000000000000000000000000011111111111111111111111100000000000000000000000000
000111111111111111111000000000000000000000000000011111111111111111111110000000000000000000000000000001111111111111111111111100000000000000000000000000
000111111111111111111000000000000000000000000000001111111111111111111000000000000000000000000000000001111111111111111111111100000000000000000000000000
000111111111111111111000000000000000000000000000001111111111111111111000000000000000000000000000000001111111111111111111111100000000000000000000000000
000111111111111111111000000000000000000000000000001111111111111111110000000000000000000000000000000000111111111111111111111100000000000000000000000000
000111111111111111111000000000000000000000000000001111111111111111110000000000000000000000000000000000011111111111111111111100000000000000000000000000
000111111111111111111000000000000000000000000000001111111111111111110000000000000000000000000000000000001111111111111111111100000000000000000000000000
000111111111111111111000000000000000000000000000001111111111111111110000000000000000000000000000000000000011111111111111111100000000000000000000000000
000111111111111111111000000000000000000000000000001111111111111111110000000000000000000000000000000000000011111111111111111100000000000000000000000000
000111111111111111111000000000000000000000000000001111111111111111110000000000000000000000000000000000000011111111111111111100000000000000000000000000
000111111111111111111000000000000000000000000000001111111111111111110000000000000000000000000000000000000011111111111111111100000000000000000000000000
000111111111111111111000000000000000000000000000001111111111111111110000000000000000000000000000000000000111111111111111111100000000000000000000000000
000111111111111111111000000000000000000000000000001111111111111111110000000000000000000000000000000000111111111111111111111100000000000000000000000000
000111111111111111111000000000000000000000000000001111111111111111110000000000000000000000000000000001111111111111111111111100000000000000000000000000
111111111111111111111100000000000000000000000000011111111111111111110000000000000000000000000000000001111111111111111111111100000000000000000000000000
111111111111111111111110000000000000000000000000111111111111111111111000000000000000000000000000000001111111111111111111111100000000000000000000000000
111111111111111111111111100000000000000000000001111111111111111111111100000000000000000000000000000001111111111111111111111100000000000000000000000000
111111111111111111111111110000000000000000000111111111111111111111111110000000000000000000000000000001111111111111111111111100000000000000000000000000
111111111111111111111111111000000000000000001111111111111111111111111111000000000000000000000000000011111111111111111111111100000000000000000000000000
111111111111111111111111111111111111111111111111111111111111111111111111111111111111111111111111111111111111111111111111111100000000000000000000000000
111111111111111111111111111111111111111111111111111111111111111111111111111111111111111111111111111111111111111111111111111100000000000000000000000000
111111111111111111111111111111111111111111111111111111111111111111111111111111111111111111111111111111111111111111111111111100000000000000000000000000
111111111111111111111111111111111111111111111111111111111111111111111111111111111111111111111111111111111111111111111111111100000000000000000000000000
111111111111111111111111111111111111111111111111111111111111111111111111111111111111111111111111111111111111111111111111111100000000000000000000000000
111111111111111111111111111111111111111111111111111111111111111111111111111111111111111111111111111111111111111111111111111100000000000000000000000000
111111111111111111111111111111111111111111111111111111111111111111111111111111111111111111111111111111111111111111111111111100000000000000000000000000
111111111111111111111111000000000000000000000001111111111111111111111111100000000000000000000000000011111111111111111111111100000000000000000000000000
111111111111111111111110000000000000000000000000011111111111111111111111000000000000000000000000000001111111111111111111111100000000000000000000000000
111111111111111111111000000000000000000000000000001111111111111111111111000000000000000000000000000000111111111111111111111100000000000000001111100000
111111111111111111111000000000000000000000000000001111111111111111111110000000000000000000000000000000001111111111111111111100000000000000011111111000
111111111111111111111000000000000000000000000000001111111111111111111000000000000000000000000000000000000111111111111111111100000000000001111111111111
111111111111111111111000000000000000000000000000001111111111111111110000000000000000000000000000000000000011111111111111111100000000000011111111111111
111111111111111111110000000000000000000000000000001111111111111111110000000000000000000000000000000000000000111111111111111000000000000011111111111111
111111111111111111000000000000000000000000000000001111111111111111110000000000000000000000000000000000000000011111111000000000000000000011111111111000
000111111111111100000000000000000000000000000000001111111111111111110000000000000000000000000000000000000000001111100000000000000000000011111111100000
000011111111111000000000000000000000000000000000001111111111111111110000000000000000000000000000000000000000000000000000000000000000000111111111100000
000001111111110000000000000000000000000000000000001111111111111111110000000000000000000000000000000000000000000000000000000000000000001111111111100000
000000000000000000000000000000000000000000000000001111111111111111110000000000000000000000000000000000000000000000000000000000000000111111111111100000
000000000000000000000000000000000000000000000000001111111111111111110000000000000000000000000000000000000000000000000000000000000000111111111111100000
000000000000000000000000000000000000000000000000001111111111111111110000000000000000000000000000000000000000000000000000000000000001111111111111100000
000000000000000000000000000000000000000000000000001111111111111111110000000000000000000000000000000000000000000000000000000000000001111111111111100000
000000000000000000000000000000000000000000000000111111111111111111110000000000000000000000000000000000000000000000000000000000000011111111111111111000
000000000000000000000000000000000000000000000001111111111111111111111000000000000000000000000000000000000000000000000000000000000011111111111111111100
000000000000000000000000000000000000000000000011111111111111111111111100000000000000000000000000000000000000000000000000000000001111111111111111111111
000000000000000000000000000000000000000000000011111111111111111111111111000000000000000000000000000000000000000000000000000000011111111111111111111111
000000000000000000000000000000000000000000000011111111111111111111111111100000000000000000000000000000000000000000000000000000111111111111111111111111
000000000000000000000000000000000000000000000011111111111111111111111111111111100000000000000000000000000000000000000000011111111111111111111111111111
000000000000000000000000000000000000000000000011111111111111111111111111111111110000000000000000000000000000000000000000111111111111111111111111111111
000000000000000000000000000000000000000000000011111111111111111111111111111111111000000000000000000000000000000000000011111111111111111111111111111111
000000000000000000000000000000000000000000000011111111111111111111111111111111111110000000000000000000000000000000001111111111111111111111111111111111
000000000000000000000000000000000000000000000011111111111111111111111111111111111111111111111111111111111111111111111111111111111111111111111111111111
000000000000000000000000000000000000000000000011111111111111111111111111111111111111111111111111111111111111111111111111111111111111111111111111111111
000000000000000000000000000000000000000000000001111111111111111111111111111111111111111111111111111111111111111111111111111111111111111111111111111111
000000000000000000000000000000000000000000000000111111111111111111111111111111111111111111111111111111111111111111111111111111111111111111111111111111
000000000000000000000000000000000000000000000000011111111111111111111111111111111111111111111111111111111111111111111111111111111111111111111111111111
000000000000000000000000000000000000000000000000001111111111111111111111111111111111111111111111111111111111111111111111111111111111111111111111111111
000000000000000000000000000000000000000000000000001111111111111111111111111111111111111111111111111111111111111111111111111111111111111111111111111111
000000000000000000000000000000000000000000000000001111111111111111111111111111111111111111111111111111111111111111111111111111111111111111111111111111
000000000000000000000000000000000000000000000000000111111111111111111111111111111111111111111111111111111111111111111111111111111111111111111111111111
000000000000000000000000000000000000000000000000000011111111111111111111111111111111111111111111111111111111111111111111111111111111111111111111111111
000000000000000000000000000000000000000000000000000000001111111111111111111111111111111111111111111111111111111111111111111111111111111111111110000000
000000000000000000000000000000000000000000000000000000000011111111111111111111111111111111111111111111111111111111111111111111111111111111111000000000
000000000000000000000000000000000000000000000000000000000000111111111111111111111111111111111111111111111111111111111111111111111111111111110000000000
000000000000000000000000000000000000000000000000000000000000000000000000000000000000000000000000111111111111111111111111111111111111111000000000000000
000000000000000000000000000000000000000000000000000000000000000000000000000000000000000000000000011111111111111111111111111111111111100000000000000000
000000000000000000000000000000000000000000000000000000000000000000000000000000000000000000000000001111111111111111111111111111111111000000000000000000
000000000000000000000000000000000000000000000000000000000000000000000000000000000000000000000000001111111111111111111111111111111100000000000000000000
000000000000000000000000000000000000000000000000000000000000000000000000000000000000000000000000000000000000000000000000000000000000000000000000000000
000000000000000000000000000000000000000000000000000000000000000000000000000000000000000000000000000000000000000000000000000000000000000000000000000000
000000000000000000000000000000000000000000000000000000000000000000000000000000000000000000000000000000000000000000000000000000000000000000000000000000
000000000000000000000000000000000000000000000000000000000000000000000000000000000000000000000000000000000000000000000000000000000000000000000000000000
000000000000000000000000000000000000000000000000000000000000000000000000000000000000000000000000000000000000000000000000000000000000000000000000000000
000000000000000000000000000000000000000000000000000000000000000000000000000000000000000000000000000000000000000000000000000000000000000000000000000000
000000000000000000000000000000000000000000000000000000000000000000000000000000000000000000000000000000000000000000000000000000000000000000000000000000
000000000000000000000000000000000000000000000000000000000000000000000000000000000000000000000000000000000000000000000000000000000000000000000000000000
000000000000000000000000000000000000000000000000000000000000000000000000000000000000000000000000000000000000000000000000000000000000000000000000000000
000000000000000000000000000000000000000000000000000000000000000000000000000000000000000000000000000000000000000000000000000000000000000000000000000000
000000000000000000000000000000000000000000000000000000000000000000000000000000000000000000000000000000000000000000000000000000000000000000000000000000
000000000000000000000000000000000000000000000000000000000000000000000000000000000000000000000000000000000000000000000000000000000000000000000000000000
000000000000000000000000000000000000000000000000000000000000000000000000000000000000000000000000000000000000000000000000000000000000000000000000000000
