000000000000000000000000000000000011100000000000000000000000000000000000000000000000000000000000000000000000000000000000000000000000000000000000000000
000000000000000000000000000000000011100000000000000000000000000000000000000000000000000000000000000000000000000000000000000000000000000000000000000000
000000000000000000000000000000000111111100000000000000000000000000000000000000000000000000000000000000000000000000000000000000000000000000000000000000
000000000000000000000000000000001111111111000000000000000000000000000000000000000000000000000000000000000000000000000000000000000000000000000000000000
000000000000000000000000000000111111111111000000000000000000000000000000000000000000000000000000000000000000000000000000000000000000000000000000000000
000000000000000000000000000001111111111111111111000000000000000000000000000000000000000000111111111100000000000000000000000000000000000000000000000000
000000000000000000000000000011111111111111111111100000000000000000000000000000000000000011111111111110000000000000000000000000000000000000000000000000
000000000000000000000000000111111111111111111111100000000000000000000000000000000000000111111111111111000000000000000000000000000000000000000000000000
000000000000000000000000000111111111111111111111100000000000000000000000000000000000011111111111111111100000000000000000000000000000000000000000000000
000000000000000000000000000111111111111111111111100000000000000000000000000000000001111111111111111111111000000000000000000000000000000000000000000000
000000000000000000000000000011111111111111111111100000000000000000000000000000000011111111111111111111111000000000000000000000000000000000000000000000
000000000000000000000000000001111111111111111111111000000000000000000000000000000011111111111111111111111110000000000000000000000000000000000000000000
000000000000000000000000000000111111111111111111111110000000000000000000000000000011111111111111111111111111100000000000000000000000000000000000000000
000000000000000000000000000000011111111111111111111110000000000000000000000000000011111111111111111111111111100000000000000000000000000000000000000000
000000000000000000000000000000111111111111111111111100000000000000000000000000000011111111111111111111111111100000000000000000000000000000000000000000
000000000000000000000000000011111111111111111111111000000000000000000000000000000011111111111111111111111111100000000000000000000000000000000000000000
000000000000000000000000000111111111111111111111110000000000000000000000000000000011111111111111111111111111100000000000000000000000000000000000000000
000000000000000000000000000111111111111111111111100000000000000000000000000000000011111111111111111111111111000000000000000000000000000000000000000000
000000000000000000000000000111111111111111111110000000000000000000000000000000000011111111111111111111111110000000000000000000000000000000000000000000
000000000000000000000000000111111111111111111100000000000000000000000000000000000011111111111111111111111100000000000000000000000000000000000000000000
000000000000000000000000000111111111111111111000000000000000000000000000000000000011111111111111111111111100000000000000000000000000000000000000000000
000000000000000000000000000111111111111111110000000000000000000000000000000000000011111111111111111111111000000000000000000000000000000000000000000000
000000000000000000000000000111111111111111100000000000000000000000000000000000000011111111111111111111111000000000000000000000000000000000000000000000
000000000000000000000000001111111111111111000000000000000000000000000000000000000011111111111111111111111000000000000000000000000000000000000000000000
000000000000000000000000011111111111111111000000000000000000000000000000000000000011111111111111111111110000000000000000000000000000000000000000000000
000000000000000000000000011111111111111110000000000000000000000000000000000000000111111111111111111111100000000000000000000000000000000000000000000000
000000000000000000000001111111111111111110000000000000000000000000000000000000011111111111111111111111000000000000000000000000000000000000000000000000
000000000000000000000011111111111111111100000000000000000000000000000000000000011111111111111111111110000000000000000000000000000000000000000000000000
000000000000000000000111111111111111111000000000000000000000000000000000000000111111111111111111111000000000000000000000000000000000000000000000000000
000000011111111111111111111111111111110000000000011111111111111110000000000000111111111111111111110000000000000000000000000000000000000000000000000000
000001111111111111111111111111111111100000000000011111111111111111000000000000111111111111111111100000000000000000000000000000000000000000000000000000
000001111111111111111111111111111111100000000000111111111111111111100000000000111111111111111111000000000000000000000000000000000000000000000000000000
000001111111111111111111111111111111111111111111111111111111111111111100000000111111111111111111000000000000000000000000000000000000000000000000000000
000001111111111111111111111111111111111111111111111111111111111111111110000000111111111111111111000000000000000000000000000000000000000000000000000000
000001111111111111111111111111111111111111111111111111111111111111111111000000111111111111111111000000000000000000000000000000000000000000000000000000
000001111111111111111111111111111111111111111111111111111111111111111111000000111111111111111111000000000000000000000000000000001111111111000000000000
000001111111111111111111111111111111111111111111111111111111111111111111000000111111111111111111000000000000000000000000000000011111111111110000000000
000001111111111111111111111111111111111111111111111111111111111111111111000000111111111111111111110000000000000000000000000001111111111111111000000000
000001111111111111111111111111111111111111111111111111111111111111111111000000111111111111111111111111111111111111111111111111111111111111111110000000
000001111111111111111111110000000000000000001111111111111111111111111111000000111111111111111111111111111111111111111111111111111111111111111110000000
000001111111111111111111100000000000000000000111111111111111111111111110000000111111111111111111111111111111111111111111111111111111111111111111000000
000001111111111111111111000000000000000000000011111111111111111111111100000000111111111111111111111111111111111111111111111111111111111111111111000000
000001111111111111111111000000000000000000000000111111111111111111111000000000111111111111111111111111111111111111111111111111111111111111111111100000
000001111111111111111111000000000000000000000000111111111111111111110000000000111111111111111111111111111111111111111111111111111111111111111111111000
000001111111111111111111000000000000000000000000111111111111111111100000000000111111111111111111111111111111111111111111111111111111111111111111111100
000001111111111111111111000000000000000000000000111111111111111111000000000000111111111111111111111111111111111111111111111111111111111111111111111111
000001111111111111111111000000000000000000000000111111111111111111000000000000111111111100000000000000000000000000000000111111111111111111111111111111
000001111111111111111111000000000000000000000000111111111111111111000000000000111111111000000000000000000000000000000000011111111111111111111111111111
000001111111111111111111000000000000000000000000111111111111111111000000000000111111110000000000000000000000000000000000011111111111111111111111111111
000001111111111111111111000000000000000000000000111111111111111111000000000011111111000000000000000000000000000000000000001111111111111111111111111111
000001111111111111111111000000000000000000000000111111111111111111000000000111111111000000000000000000000000000000000000001111111111111111111111111100
000001111111111111111111000000000000000000000000111111111111111111000000000111111111000000000000000000000000000000000000000111111111111111111111111000
000001111111111111111111000000000000000000000000111111111111111111000000000111111111000000000000000000000000000000000000000011111111111111111111110000
000001111111111111111111000000000000000000000000111111111111111111000000000111111111000000000000000000000000000000000000000001111111111111111111100000
000001111111111111111111000000000000000000000000111111111111111111000000000111111110000000000000000000000000000000000000000000111111111111111111000000
000001111111111111111111000000000000000000000000111111111111111111000000000111111100000000000000000000000000000000000000000011111111111111111111000000
000001111111111111111111000000000000000000000000111111111111111111000000000111110000000000000000000000000000000000000000001111111111111111111111000000
000001111111111111111111000000000000000000000000111111111111111111000000000111100000000000000000000000000000000000000000011111111111111111111111000000
000001111111111111111111000000000000000000000000111111111111111111000000011111100000000000000000000000000000000000000000011111111111111111111111000000
000001111111111111111111000000000000000000000000111111111111111111100001111111100000000000000000000000000000000000000000011111111111111111111111000000
000001111111111111111111000000000000000000000000111111111111111111100011111111100000000000000000000000000000000000000000011111111111111111111111000000
000001111111111111111111000000000000000000000000111111111111111111100011111111100000000000000000000000000000000000000000011111111111111111111111000000
000001111111111111111111000000000000000000000000111111111111111111100011111111100000000000000000000000000000000000000000011111111111111111111111000000
000001111111111111111111000000000000000000000000111111111111111111100011111111100000000000000000000000000000000000000000011111111111111111111111000000
000001111111111111111111000000000000000000000000111111111111111111111011111111100000000000000000000000000000000000000000011111111111111111111111000000
000001111111111111111111110000000000000000000001111111111111111111111111111111000000000000000000000000000000000000000000011111111111111111111111000000
000001111111111111111111111111111111111111111111111111111111111111111111111110000001111111000000000000000000000000000000011111111111111111111111000000
000001111111111111111111111111111111111111111111111111111111111111111111111100000001111111111100000000000000000000000000011111111111111111111111000000
000001111111111111111111111111111111111111111111111111111111111111111111111100000011111111111110000000000000000000000000011111111111111111111111000000
000011111111111111111111111111111111111111111111111111111111111111111111111000000011111111111111111100000000000000000000011111111111111111111111000000
000111111111111111111111111111111111111111111111111111111111111111111111111000000011111111111111111110000000000000000000011111111111111111111111000000
000111111111111111111111111111111111111111111111111111111111111111111111110000000011111111111111111111000000000000000000011111111111111111111111000000
000111111111111111111111111111111111111111111111111111111111111111111111100000000011111111111111111111100000000000000000011111111111111111111111000000
000011111111111111111111111111000111111111001111111111111111111111110000000000000001111111111111111111110000000000000000011111111111111111111111000000
000011111111111111111111111100000000111110001111111111111111111111100000000000000001111111111111111111111000000000000000011111111111111111111111000000
000011111111111111111111111000000000000000000111111111111111111111000000000000000000111111111111111111111000000000000000011111111111111111111111000000
000111111111111111111111110000000000000000000011111111111111111111000000000000000000001111111111111111111000000000000000011111111111111111111111000000
111111111111111111111111000000000000000000000000111111111111111111000000000000000000000111111111111111111000000000000000011111111111111111111111000000
001111111111111111111111000000000000000000000000111111111111111111000000000000000000000111111111111111111100000000000000011111111111111111111111000000
000111111111111111111111000000000000000000000000111111111111111111000000000000000000000111111111111111111111000000000000011111111111111111111111000000
000011111111111111111111000000000000000000000000111111111111111111000000000000000000000111111111111111111111100000000000011111111111111111111111000000
000011111111111111111111000000000000000000000000111111111111111111000000000000000000000111111111111111111111100000000000011111111111111111111111000000
000111111111111111111111000000000000000000000000111111111111111111000000000000000000000111111111111111111111100000000000011111111111111111111111000000
111111111111111111111111000000000000000000000000111111111111111111000000000000000000000111111111111111111111100000000000011111111111111111111111000000
111111111111111111111111000000000000000000000000111111111111111111000000000000000000000111111111111111111111100000000000011111111111111111111111000000
111111111111111111111111000000000000000000000000111111111111111111000000000000000000000111111111111111111111100000000000011111111111111111111111000000
111111111111111111111111000000000000000000000000111111111111111111000000000000000000000111111111111111111111100000000000011111111111111111111111000000
111111111111111111111111000000000000000000000000111111111111111111000000000000000000000111111111111111111111100000000000011111111111111111111111000000
111111111111111111111111000000000000000000000000111111111111111111000000000000000000000111111111111111111111100000000000011111111111111111111111000000
111111111111111111111111000000000000000000000000111111111111111111000000000000000000000111111111111111111111100000000000011111111111111111111111000000
111111111111111111111111000000000000000000000000111111111111111111000000000000000000000011111111111111111111100000000000011111111111111111111111000000
000111111111111111111111000000000000000000000000111111111111111111000000000000000000000001111111111111111111000000000000011111111111111111111111000000
000011111111111111111111000000000000000000000000111111111111111111000000000000000000000001111111111111111111000000000000011111111111111111111111000000
000001111111111111111111000000000000000000000000111111111111111111000000000000000000000000111111111111100000000000000000011111111111111111111111000000
000001111111111111111111000000000000000000000000111111111111111111000000000000000000000000011111111110000000000000000000011111111111111111111111000000
000001111111111111111111000000000000000000000000111111111111111111000000000000000000000000000011111100000000000000000000011111111111111111111111000000
000001111111111111111111000000000000000000000000111111111111111111000000000000000000000000000000000000000000000000000000011111111111111111111111000000
000001111111111111111111000000000000000000000000111111111111111111000000000000000000000000000000000000000000000000000000011111111111111111111111000000
000001111111111111111111000000000000000000000000111111111111111111000000000000000000000000000000000000000000000000000000011111111111111111111111000000
000011111111111111111111100000000000000000000011111111111111111111000000000000000000000000000000000000000000000000000000011111111111111111111110000000
001111111111111111111111111000000000000000000111111111111111111111000000000000000000000000000000000000000000000000000000011111111111111111111000000000
111111111111111111111111111000000000000000000111111111111111111111000000000000000000000000000000000000000000000000000000011111111111111111110000000000
111111111111111111111111111111000000000000011111111111111111111111000000000000000000000000000000000000000000000000000000011111111111111111110000000000
111111111111111111111111111111111111111111111111111111111111111111000000000000000000000000000000000000000000000000000000011111111111111111110000000000
111111111111111111111111111111111111111111111111111111111111111111000000000000000000000000000000000000000000000000000000011111111111111111110000000000
111111111111111111111111111111111111111111111111111111111111111111110000000000000000000000000000000000000000000000000000111111111111111111110000000000
111111111111111111111111111111111111111111111111111111111111111111111000000000000000000000000000000000000000000000000001111111111111111111110000000000
111111111111111111111111111111111111111111111111111111111111111111111100000000000000000000000000000000000000000000000111111111111111111111110000000000
001111111111111111111111111111111111111111111111111111111111111111111000000000000000000000000000000000000000000000001111111111111111111111110000000000
000111111111111111111111111111111111111111111111111111111111111111111000000000000000000000000000000000000000000000011111111111111111111111110000000000
000011111111111111111111100000000000000000001111111111111111111111110000000000000000000000000000000000000000000001111111111111111111111111110000000000
000011111111111111111111000000000000000000000111111111111111111111110000000000000000000000000000000000000000000011111111111111111111111111110000000000
000011111111111111111111000000000000000000000111111111111111111111100000000000000000000000000000000000000000000111111111111111111111111111110000000000
000011111111111111111111000000000000000000000001111111111111111111000000000000000000000000000000001111111111111111111111111111111111111111110000000000
001111111111111111111111000000000000000000000000111111111111111111000000000000000000000000000000111111111111111111111111111111111111111111100000000000
111111111111111111111111000000000000000000000000011111111111111111000000000000000000000000000001111111111111111111111111111111111111111111000000000000
111111111111111111111110000000000000000000000000001111111111111111000000000000000000000000000011111111111111111111111111111111111111111110000000000000
111111111111111111111110000000000000000000000000000011111111111100000000000000000000000000000111111111111111111111111111111111111111111100000000000000
111111111111111111111110000000000000000000000000000001111111110000000000000000000000000000000111111111111111111111111111111111111111111100000000000000
111111111111111111111000000000000000000000000000000000111100000000000000000000000000000000000111111111111111111111111111111111111111111000000000000000
111111111111111111110000000000000000000000000000000000000000000000000000000000000000000000000011111111111111111111111111111111111111111000000000000000
111111111111111111100000000000000000000000000000000000000000000000000000000000000000000000000000111111111111111111111111111111111111111000000000000000
111111111111111111100000000000000000000000000000000000000000000000000000000000000000000000000000011111111111111111111111111111111111111000000000000000
000111111111111111000000000000000000000000000000000000000000000000000000000000000000000000000000001111111111111111111111111111111111110000000000000000
000011111111111100000000000000000000000000000000000000000000000000000000000000000000000000000000000011111111111111111111111111111111000000000000000000
000000111111111000000000000000000000000000000000000000000000000000000000000000000000000000000000000001111111111111111111111111111110000000000000000000
000000001111110000000000000000000000000000000000000000000000000000000000000000000000000000000000000000111111111111111111111111111100000000000000000000
000000000000000000000000000000000000000000000000000000000000000000000000000000000000000000000000000000001111111111111111111111100000000000000000000000
000000000000000000000000000000000000000000000000000000000000000000000000000000000000000000000000000000000111111111111111111111000000000000000000000000
000000000000000000000000000000000000000000000000000000000000000000000000000000000000000000000000000000000011111111111111111100000000000000000000000000
000000000000000000000000000000000000000000000000000000000000000000000000000000000000000000000000000000000000000000000000000000000000000000000000000000
000000000000000000000000000000000000000000000000000000000000000000000000000000000000000000000000000000000000000000000000000000000000000000000000000000
000000000000000000000000000000000000000000000000000000000000000000000000000000000000000000000000000000000000000000000000000000000000000000000000000000
000000000000000000000000000000000000000000000000000000000000000000000000000000000000000000000000000000000000000000000000000000000000000000000000000000
000000000000000000000000000000000000000000000000000000000000000000000000000000000000000000000000000000000000000000000000000000000000000000000000000000
000000000000000000000000000000000000000000000000000000000000000000000000000000000000000000000000000000000000000000000000000000000000000000000000000000
000000000000000000000000000000000000000000000000000000000000000000000000000000000000000000000000000000000000000000000000000000000000000000000000000000
000000000000000000000000000000000000000000000000000000000000000000000000000000000000000000000000000000000000000000000000000000000000000000000000000000
000000000000000000000000000000000000000000000000000000000000000000000000000000000000000000000000000000000000000000000000000000000000000000000000000000
000000000000000000000000000000000000000000000000000000000000000000000000000000000000000000000000000000000000000000000000000000000000000000000000000000
000000000000000000000000000000000000000000000000000000000000000000000000000000000000000000000000000000000000000000000000000000000000000000000000000000
000000000000000000000000000000000000000000000000000000000000000000000000000000000000000000000000000000000000000000000000000000000000000000000000000000
000000000000000000000000000000000000000000000000000000000000000000000000000000000000000000000000000000000000000000000000000000000000000000000000000000
000000000000000000000000000000000000000000000000000000000000000000000000000000000000000000000000000000000000000000000000000000000000000000000000000000
000000000000000000000000000000000000000000000000000000000000000000000000000000000000000000000000000000000000000000000000000000000000000000000000000000
000000000000000000000000000000000000000000000000000000000000000000000000000000000000000000000000000000000000000000000000000000000000000000000000000000
000000000000000000000000000000000000000000000000000000000000000000000000000000000000000000000000000000000000000000000000000000000000000000000000000000
000000000000000000000000000000000000000000000000000000000000000000000000000000000000000000000000000000000000000000000000000000000000000000000000000000
000000000000000000000000000000000000000000000000000000000000000000000000000000000000000000000000000000000000000000000000000000000000000000000000000000
000000000000000000000000000000000000000000000000000000000000000000000000000000000000000000000000000000000000000000000000000000000000000000000000000000
