000000000000000000000000000000000000000000000000000000000000000000000000000000000000000000000000000000000000000000000000000000000000000000000000000000
000000000000000000000000000000000000000000000000000000000000000000000000000000000000000000000000000000000000000000000000000000000000000000000000000000
000000000000000000000000000000000000000000000000000000000000000000000000000000000000000000000000000000000000000000000000000000000000000000000000000000
000000000000000000000000000000000000000000000000000000000000000000000000000000000000000000000000000000000000000000000000000000000000000000000000000000
000000000000000000000000000000000000000000000000000000000000000000000000000000000000000000000000000000000000000000000000000000000000000000000000000000
000000000000000000000000000000000000000000000000000000000000000000000000000000000000000000000000000000000000000000000000000000000000000000000000000000
000000000000000000000000000000000000000000000000000000000000000000000000000000000000000000000000000000000000000000000000000000000000000000000000000000
000000000000000000000000000000000000000000000000000000000000000000000000000000000000000000000000000000000000000000000000000000000000000000000000000000
000000000000000000000000000000000000000000000000000000000000000000000000000000000000000000000000000000000000000000000000000000000000000000000000000000
000000000000000000000000000000000000000000000000000000000000000000000000000000000000000000000000000000000000000000000000000000000000000000000000000000
000000000000000000000000000000000000000000000000000000000000000000000000000000000000000000000000000000000000000000000000000000000000000000000000000000
000000000000000000000000000000000000000000000000000000000000000000000000000000000000000000000000000000000000000000000000000000000000000000000000000000
000000000000000000000000000000000000000000000000000000000000000000000000000000000000000000000000000000000000000000000000000000000000000000000000000000
000000000000000000000000000000000000000000000000000000000000000000000000000000000000000000000000000000000000000000000000000000000000000000000000000000
000000000000000000000000000000000000000000000000000000000000000000000000000000000000000000000000000000000000000000000000000000000000000000000000000000
000000000000000000000000000000000000000000000000000000000000000000000000000000000000000000000000000000000000000000000000000000000000000000000000000000
000000000000000000000000000000000000000000000000000000000000000000000000000000000000000000000000000000000000000000000000000000000000000000000000000000
000000000000000000000000000000000000000000000000000000000000000000000000000000000000000000000000000000000000000000000000000000000000000000000000000000
000000000000000000000000000000000000000000000000000000000000000000000000000000000000000000000000000000000000000000000000000000000000000000000000000000
000000000000000000000000000000000000000000000000000000000000000000000000000000000000000000000000000000000000011111111110000000000000000000000000000000
000000000000000000000000000000000000000000000000000000000000000000000000000000000000000000000000000000000001111111111111100000000000000000000000000000
000000000000000000000000000000000000000000000000000000000000000000000000000000000000000000000000000000000011111111111111110000000000000000000000000000
000000000000000000000000000000000000000000000000000000000000000000000000000000000000000000000000000000000111111111111111111000000000000000000000000000
000000000000000000000000000000000000000000000000000000000000000000000000000000000000000000000000000000001111111111111111111100000000000000000000000000
000000000000000000000000000000000000000000000000000000000000000000000000000000000000000000000000000000111111111111111111111110000000000000000000000000
000000000000000000000000000000000000000000000000000000000000000000000000000000000000000000000000000001111111111111111111111110000000000000000000000000
000000000000000000000000000000000000000000000000000000000000000000000000000000000000000000000000000011111111111111111111111110000000000000000000000000
000000000000000000000000000000000000000000000000000000000000000000000000000000000000000000000000000111111111111111111111111110000000000000000000000000
000000000000000000000000000000000000000000000000000000000000000000000000000000000000000000000000111111111111111111111111111100000000000000000000000000
000000000000000000000001111110000011111111111111111111111111111111111111000000000001111111111111111111111111111111111111110000000000000000000000000000
000000000000000000000011111111000011111111111111111111111111111111111111100000000011111111111111111111111111111111111111100000000000000000000000000000
000000000000000000000111111111000011111111111111111111111111111111111111100000000011111111111111111111111111111111111111000000000000000000000000000000
000000000000000000000111111100000001111111111111111111111111111111111100000000000000111111111111111111111111111111111100000000000000000000000000000000
000000000000000000000111111000000000000000000000000000001111100000000000000000000000000000000000000000000000000000000000000000000000000000000000000000
000000000000000000000011110000000000000000000000000000001111000000000000000000000000000000000000000000000000000000000000000000000000000000000000000000
000000000000000000000000100000000000000000000000000000000000000000000000000000000000000000000000000000000000000000000000000000000000000000000000000000
000000000000000000000000000000000000000000000000000000000000000000000000000000000000000000000000000000000000000000000000000000000000000000000000000000
000000000000000000000000000000000000000000000000000000000000000000000000000000000000000000000000000000000000000000000000000000000000000000000000000000
000000000000000000000000000000000000000000000000000000000000000000000000000000000000000000000000000000000000000000000000000000000000000000000000000000
000000000000000000000000000000000000000000000000000000000000000000000000000000000000000000000000000000000000000000000000000000000000000000000000000000
000000000000000000000000000000000000000000000000000000000000000000000000000000000000000000000000000000000000000000000000000000000000000000000000000000
000000000000000000000000000000000000000000000000000000000000000000000000000000000000000000000000000000000000000000000000000000000000000000000000000000
000000000000000000000000000000000000000000000000000000000000000000000000000000000000000000000000000000000000000000000000000000000000000000000000000000
000000000000000000000000000000000000000000000000000000000000000000000000000000000000000000000000000000000000000000000000000000000000000000000000000000
000000000000000000000000000000000000000000000000000000000000000000000000000000000000000000000000000000000000000000000000000000000000000000000000000000
000000000000000000000000000000000000000000000000000000000000000000000000000000000000000000000000000000000000000000000000000000000000000000000000000000
000000000000000000000000000000000000000000000000000000000000000000000000000000000000000000000000000000000000000000000000000000000000000000000000000000
000000000000000000000000000000000000000000000000000000000000000000000000000000000000000000000000000000000000000000000000000000000000000000000000000000
000000000000000000000000000000000000000000000000000000000000000000000000000000000000000000000000000000000000000000000000000000000000000000000000000000
000000000000000000000000000000000000000000000000000000000000000000000000000000000000000000000000000000000000000000000000000000000000000000000000000000
000000000000000000000000000000000000000000000000000000000000000000000000000000000000000000000000000000000000000000000000000000000000000000000000000000
000000000000000000000000000000000000000000000000000000000000000000000000000000000000000000000000000000000000000000000000000000000000000000000000000000
000000000000000000000000000000000000000000000000000000000000000000000000000000000000000000000000000000000000000000000000000000000000000000001000000000
000000000000000000000000000000000000000000000000000000000000000000000000000000000000000000000000000000000000000000000000000000000000000000111100000000
000000000000000000000000000000000000000000000000000000000000000000000000000000000000000000000000000000000000000000000000000000000000000000111110000000
000000000000000000000000000000000000000000000000000000000000000000000000000000000000000000000000000000000000000000000000000000000000000011111111000000
000000000000000000000000000000000000000000000000000000000000000000000000000000000000000000000000000000000000000000000000000000000000001111111111110000
000000000000000000000000000000000000000000000000000000000000000000000000000000000000000000000000000000000000000000000000000000000000111111111111111000
000000000000000000000000000000000000000000000000000000000000000000000000000000000000000000000000000000000000000000000000000000000001111111111111111100
000000000000000000000000000000000000000000000000000000000000000000000000000000000000000000000000000000000000000000000000000000000011111111111111111111
000000000000000000000000000000000000000000000000000000000000000000000000000000000000000000000000000000000000000000000000000000001111111111111111111111
000000000000000000000000000000000000000000000000000000000000000000000000000000000000000000000000000000000000000000000000000000011111111111111111111111
000000000000000000000000000000000000000000000000000000000000000000000011111111110000000000000000000000000000000011111111000000111111111111111111111111
000000000000000000000000000000000000000000000000000000000000000000001111111111111100000000000000000000000000000011111111000001111111111111111111111111
000000000000000000000000000000000000000000000000000000000000000000011111111111111110000000000000000000000000000011111111000000111111111111111111111111
000000000000000000000000000000000000000000000000000000000000000000111111111111111111000000000000000000000000000001111110000000011111111111111111111111
111111111111111111111111111111111111111111111111111111111111111111111111111111111111111110000000000000000000000000111100000000000111111111111111111111
111111111111111111111111111111111111111111111111111111111111111111111111111111111111111110000000000000000000000000000000000000000000000000000000000000
111111111111111111111111111111111111111111111111111111111111111111111111111111111111111110000000000000000000000000000000000000000000000000000000000000
111111111111111111111111111111111111111111111111111111111111111111111111111111111111111100000000000000000000000000000000000000000000000000000000000000
111111111111111111111111111000000000000000000000000000000000000000011111111111111111111000000000000000000000000000000000000000000000000000000000000000
111111111111111111111111110000000000000000000000000000000000000000001111111111111111110000000000000000000000000000000000000000000000000000000000000000
111111111111111111111111000000000000000000000000000000000000000000000111111111111111000000000000000000000000000000000000000000000000000000000000000000
000000000000000000000000000000000000000000000000000000000000000000000111111111111111000000000000000000000000000000000000000000000000000000000000000000
000000000000000000000000000000000000000000000000000000000000000000000111111111111110000000000000000000000000000000000000000000000000000000000000000000
000000000000000000000000000000000000000000000000000000000000000000000111111111111110000000000000000000000000000000000000000000000000000000000000000000
000000000000000000000000000000000000000000000000000000000000000000000111111111111110000000000000000000000000000000000000000000000000000000000000000000
000000000000000000000000000000000000000000000000000000000000000000000111111111111110000000000000000000000000000000000000000000000000000000000000000000
000000000000000000000000000000000000000000000000000000000000000000000111111111111110000000000000000000000000000000000000000000000000000000000000000000
000000000000000000000000000000000000000001111000000000000000000000000111111111111110000000000000000000000000000000000000000000000000000000000000000000
000000000000000000000000000000000000000111111110000000000000000000000111111111111110000000000000000000000000000000000000000000000000000000000000000000
000000000000000000000000000000000000001111111111000000000000000000000111111111111110000000000000000000000000000000000000000000000000000000000000000000
000000000000000000000000000000000000011111111111110000000000000000000111111111111110000000000000000000000000000000000000000000000000000000000000000000
000000000000000000000000000000000001111111111111111000000000000000000111111111111110000000000000000000000000000000000000000000000000000000000000000000
000000000000000000000000000000000011111111111111111100000000000000000111111111111110000000000000000000000000000000000000000000000000000000000000000000
000000000000000000000000000000000011111111111111111110000000000000000111111111111110000000000000000000000000000000000000000000000000000000000000000000
000000000000000000000000000000000111111111111111111111100000000000000111111111111110000000000000000000000000001000000000000000000000000000000000000000
000000000000000000000000000000000111111111111111111111110000000000000111111111111110000000000000000000000000011100000000000000000000000000000000000000
000000000000000000000000000000000111111111111111111111111000000000000111111111111110000000000000000000000000111110000000000000000000000000000000000000
000000000000000000000000000000000111111111111111111111111110000000000111111111111110000000000000000000000000111111111110000000000000000000000000000000
000000000000000000000000000000000111111111111111111111111110000000000111111111111110000000000000000000000000111111111111000000000000000000000000000000
000000000000000000000000000000001111111111111111111111111110000000000111111111111111000000000000000000000000111111111111100000000000000000000000000000
000000000000000000000000000000011111111111111111111111111110000000000111111111111111100000000000000000000000011111111111111111100000000000000000000000
000000000000000000000000000000011111111111111111111111000000000000000111111111111111110000000000000000000000001111111111111111110000000000000000000000
000000000000000000000000000000111111111111111111111110000000000000000111111111111111110000000000000000000000000111111111111111111000000000000000000000
000000000000000000000000000000111111111111111111111000000000000000000111111111111111111000000000000000000000000001111111111111111100000000000000000000
000000000000000000000000000001111111111111111111110000000000000000000111111111111111111000000000000000000000000000011111111111111100000000000000000000
000000000000000000000000000001111111111111111111100000000000000000000111111111111111111000000000000000000000000000011111111111111100000000000000000000
000000000000000000000000000001111111111111111111000000000000000000000111111111111111111000000000000000000000000000001111111111111100000000000000000000
000000000000000000000000000011111111111111111100000000000000000000000111111111111111110000000000000000000000000000000111111111111110000000000000000000
000000000000000000000000001111111111111111111000000000000000000000000111111111111111000000000000000000000000000000000001111111111111100000000000000000
000000000000000000000000001111111111111111110000000000000000000000000111111111111110000000000000000000000000000000000000111111111111110000000000000000
000000000000000000000000001111111111111111110000000000000000000000000111111111111111000000000000000000000000000000000000011111111111111000000000000000
000000000000000000000000001111111111111111110000000000000000000000000111111111111111110000000000000000000000000000000000001111111111111100000000000000
000000000000000000000000001111111111111111110000000000000000000000000111111111111111111000000000000000000000000000000000000111111111111111000000000000
000000000000000000000000011111111111111111000000000000000000000000000111111111111111111000000000000000000000000000000000000111111111111111100000000000
000000000000000000000011111111111111111110000000000000000000000000000111111111111111111000000000000000000000000000000000000111111111111111110000000000
000000000000000000000111111111111111111100000000000000000000000000000111111111111111111000000000000000000000000000000000000111111111111111111000000000
000000000000000000001111111111111111111000000000000000000000000000000111111111111111111000000000000000000000000000000000000011111111111111111110000000
000000000000000000111111111111111111100000000000000000000000000000000111111111111111111000000000000000000000000000000000000001111111111111111111000000
000000000000000000111111111111111111000000000000000000000000000000000111111111111111111000000000000000000000000000000000000000001111111111111111100000
000000000000000001111111111111111110000000000000000000000000000000000111111111111111111000000000000000000000000000000000000000001111111111111111111000
000000000000000001111111111111111000000000000000000000000000000000000111111111111111111000000000000000000000000000000000000000000111111111111111111100
000000000000000011111111111111110000000000000000000000000000000000000111111111111111111000000000000000000000000000000000000000000111111111111111111111
000000000000000011111111111111100000000000000000000000000000000000000111111111111111111000000000000000000000000000000000000000000111111111111111111111
000000000000000011111111111111000000000000000000000000000000000000000111111111111111111000000000000000000000000000000000000000000111111111111111111111
000000000000000111111111111100000000000000000000000000000000000000000111111111111111110000000000000000000000000000000000000000000111111111111111111111
000000000000001111111111111000000000000000000000000000000000000000000111111111111111110000000000000000000000000000000000000000000111111111111111111000
000000000000011111111111111000000000000000000000000000000000000000000111111111111111110000000000000000000000000000000000000000000111111111111111111000
000000000000111111111111111000000000000000000000000000000000000000000111111111111111100000000000000000000000000000000000000000000111111111111111111000
000000000000111111111111111000000000000000000000000000000000000000000111111111111111000000000000000000000000000000000000000000000011111111111111111000
000000000000111111111111111000000000000000000000000000000000000000000111111111111110000000000000000000000000000000000000000000000000111111111111111000
000000000000111111111111110000000000000000000000000000000000000000000111111111111110000000000000000000000000000000000000000000000000011111111111110000
000000000001111111111111100000000000000000000000000000000000000000000111111111111110000000000000000000000000000000000000000000000000000111111111100000
000000000111111111111100000000000000000000000000000000000000000000000111111111111110000000000000000000000000000000000000000000000000000000000000000000
000000001111111111111000000000000000000000000000000000000000000000000111111111111110000000000000000000000000000000000000000000000000000000000000000000
000001111111111111000000000000000000000000000000000000000000000000000111111111111111100000000000000000000000000000000000000000000000000000000000000000
000011111111111000000000000000000000000000000000000000000000000000000111111111111111110000000000000000000000000000000000000000000000000000000000000000
000111111111100000000000000000000000000000000000000000000000000000001111111111111111111000000000000000000000000000000000000000000000000000000000000000
111111111111000000000000000000000000000000000000000000000111111111111111111111111111111000000000000000000000000000000000000000000000000000000000000000
111111111110000000000000000000000000000000000000000000001111111111111111111111111111111000000000000000000000000000000000000000000000000000000000000000
111111111000000000000000000000000000000000000000000000001111111111111111111111111111111000000000000000000000000000000000000000000000000000000000000000
111111110000000000000000000000000000000000000000000000000111111111111111111111111111111000000000000000000000000000000000000000000000000000000000000000
111111100000000000000000000000000000000000000000000000000000001111111111111111111111111000000000000000000000000000000000000000000000000000000000000000
111110000000000000000000000000000000000000000000000000000000000111111111111111111111110000000000000000000000000000000000000000000000000000000000000000
111100000000000000000000000000000000000000000000000000000000000011111111111111111111110000000000000000000000000000000000000000000000000000000000000000
111000000000000000000000000000000000000000000000000000000000000000111111111111111111100000000000000000000000000000000000000000000000000000000000000000
000000000000000000000000000000000000000000000000000000000000000000011111111111111111000000000000000000000000000000000000000000000000000000000000000000
000000000000000000000000000000000000000000000000000000000000000000001111111111111110000000000000000000000000000000000000000000000000000000000000000000
000000000000000000000000000000000000000000000000000000000000000000000111111111111100000000000000000000000000000000000000000000000000000000000000000000
000000000000000000000000000000000000000000000000000000000000000000000111111111110000000000000000000000000000000000000000000000000000000000000000000000
000000000000000000000000000000000000000000000000000000000000000000000111111111100000000000000000000000000000000000000000000000000000000000000000000000
000000000000000000000000000000000000000000000000000000000000000000000111111111000000000000000000000000000000000000000000000000000000000000000000000000
000000000000000000000000000000000000000000000000000000000000000000000000000000000000000000000000000000000000000000000000000000000000000000000000000000
000000000000000000000000000000000000000000000000000000000000000000000000000000000000000000000000000000000000000000000000000000000000000000000000000000
000000000000000000000000000000000000000000000000000000000000000000000000000000000000000000000000000000000000000000000000000000000000000000000000000000
000000000000000000000000000000000000000000000000000000000000000000000000000000000000000000000000000000000000000000000000000000000000000000000000000000
000000000000000000000000000000000000000000000000000000000000000000000000000000000000000000000000000000000000000000000000000000000000000000000000000000
000000000000000000000000000000000000000000000000000000000000000000000000000000000000000000000000000000000000000000000000000000000000000000000000000000
000000000000000000000000000000000000000000000000000000000000000000000000000000000000000000000000000000000000000000000000000000000000000000000000000000
