000000000000000000000000000000000000000000000000000000000000000000000000000000000000000000000000000000000000000000000000000000000000000000000000000000
000000000000000000000000000000000000000000000000000000000000000000000000000000000000000000000000000000000000000000000000000000000000000000000000000000
000000000000000000000000000000000000000000000000000000000000000000000000000000000000000000000000000000000000000000000000000000000000000000000000000000
000000000000000000000000000000000000000000000000000000000000000000000000000000000000000000000000000000000000000000000000000000000000000000000000000000
000000000000000000000000000000000000000000000000000000000000000000000000000000000000000000000000000000000000000000000000000000000000000000000000000000
000000000000000000000000000000000000000000000000000000000000000000000000000000000000000000000000000000000000000000000000000000000000000000000000000000
000000000000000000000000000000000000000000000000000000000000000000000000000000000000000000000000000000000000000000000000000000000000000000000000000000
000000000000000000000000000000000000000000000000000000000000000000000000000000000000000000000000000000000000000000000000000000000000000000000000000000
000000000000000000000000000000000000000000000000000000000000000000000000000000000000000000000000000000000000000000000000000000000000000000000000000000
000000000000000000000000000000000000000000000000000000000000000000000000000000000000000000000000000000000000000000000000000000000000000000000000000000
000000000000000000000000000000000000000000000000000000000000000000000000000000000000000000000000000000000000000000000000000000000000000000000000000000
000000000000000000000000000000000000000000000000000000000000000000000000000000000000000000000000000000000000000000000000000000000000000000000000000000
000000000000000000000000000000000000000000000000000000000000000000000000000000000000000000000000011111110000000000000000000000000000000000000000000000
000000000000000000000000000000000000000000000000000000000000000000000000000000000000000000000000111111111000000000000000000000000000000000000000000000
000000000000000000000000000000000011111110000000000000000000000000000000000000000000000000000011111111111110000000000000000000000000000000000000000000
000000000000000000000000000000001111111111100000000000000000000000000000000000000000000000001111111111111111000000000000000000000000000000000000000000
000000000000000000000000000000011111111111100000000000000000000000000000000000000000000000001111111111111111000000000000000000000000000000000000000000
000000000000000000000000000000011111111111110000000000000000000000000000000000000000000000011111111111111111110000000000000000000000000000000000000000
000000000000000000000000000000111111111111111000000000000000000000000000000000000000000001111111111111111111111000000000000000000000000000000000000000
000000000000000000000000000000111111111111111111111111111111111111111111111111111111111111111111111111111111111100000000000000000000000000000000000000
000000000000000000000000000000111111111111111111111111111111111111111111111111111111111111111111111111111111111100000000000000000000000000000000000000
000000000000000000000000000000111111111111111111111111111111111111111111111111111111111111111111111111111111111110000000000000000000000000000000000000
000000000000000000000000000000111111111111111111111111111111111111111111111111111111111111111111111111111111111110000000000000000000000000000000000000
000000000000000000000000000000111111111111111111111111100000000000000000001111111111111111111111111111111111111100000000000000000000000000000000000000
000000000000000000000000000000111111111111111111111111000000000000000000000011111111111111111111111111111111111100000000000000000000000000000000000000
000000000000000000000000000000111111111111111111111100000000000000000000000000000000111111111111111111111111111000000000000000000000000000000000000000
000000000000000000000000000000111111111111111111000000000000000000000000000000000000001111111111111111111111110000000000000000000000000000000000000000
000000000000000000000000000000111111111111111111000000000000000000000000000000000000000011111111111111111111100000000000000000000000000000000000000000
000000000000000000000000000000111111111111111110000000000000000000000000000000000000000001111111111111111111000000000000000000000000000000000000000000
000000000000000000000000000000111111111111111110000000000000000000000000000000000000000000111111111111111111000000000000000000000000000000000000000000
000000000000000000000000000000111111111111111110000000000000000000000000000000000000000000011111111111111111000000000000000000000000000000000000000000
000000000000000000000000000000111111111111111110000000000000000000000000000000000000000000001111111111111111000000000000000000000000000000000000000000
000000000000000000000000000000111111111111111110000000000000000000000000000000000000000000001111111111111111000000000000000000000000000000000000000000
000000000000000000000000000000111111111111111110000000000000000000000000000000000000000000001111111111111111000000000000000000000000000000000000000000
000000000000000000000000000000111111111111111110000000000000000000000000000000000000000000001111111111111111000000000000000000000000000000000000000000
000000000000000000000000000000111111111111111110000000000000000000000000000000000000000000001111111111111111000000000000000000000000000000000000000000
000000000000000000000000000000111111111111111110000000000000000000000000000000000000000000001111111111111111000000000000000000000000000000000000000000
000000000000000000000000000000111111111111111111100000000000000000000000000000000000000000011111111111111111000000000000000000000000000000000000000000
000000000000000000000000000000111111111111111111111111111111111111111111111111111111111111111111111111111111000000000000000000000000000000000000000000
000000000000000000000000000000111111111111111111111111111111111111111111111111111111111111111111111111111111000000000000000000000000000000000000000000
000000000000000000000000000000111111111111111111111111111111111111111111111111111111111111111111111111111111000000000000000000000000000000000000000000
000000000000000000000000000000011111111111111111111111111111111111111111111111111111111111111111111111111111000000000000000000000000000000000000000000
000000000000000000000000000000001111111111111111111111111111111111111111111111111111111111111111111111111111000000000000000000000000000000000000000000
000000000000000000000000000000000111111111111111111111111111111111111111111111111111111111111111111111111111000000000000000000000000000000000000000000
000000000000000000000000000000000111111111111111111111111111111111111111111111111111111111111111111111111111000000000000000000000000000000000000000000
000000000000000000000000000000000111111111111111111111111111111111111111111111111111111111111111111111111111000000000000000000000000000000000000000000
000000000000000000000000000000011111111111111111100000000000000000000000000000000000000000011111111111111111000000000000000000000000000000000000000000
000000000000000000000000000000111111111111111111000000000000000000000000000000000000000000011111111111111111000000000000000000000000000000000000000000
000000000000000000000000000000111111111111111110000000000000000000000000000000000000000000001111111111111111000000000000000000000000000000000000000000
000000000000000000000000000000111111111111111110000000000000000000000000000000000000000000001111111111111111000000000000000000000000000000000000000000
000000000000000000000000000000111111111111111110000000000000000000000000000000000000000000001111111111111111000000000000000000000000000000000000000000
000000000000000000000000000000111111111111111110000000000000000000000000000000000000000000001111111111111111000000000000000000000000000000000000000000
000000000000000000000000000000111111111111111110000000000000000000000000000000000000000000001111111111111111000000000000000000000000000000000000000000
000000000000000000000000000000111111111111111110000000000000000000000000000000000000000000001111111111111111000000000000000000000000000000000000000000
000000000000000000000000000000111111111111111110000000000000000000000000000000000000000000001111111111111111000000000000000000000000000000000000000000
000000000000000000000000000000111111111111111110000000000000000000000000000000000000000000111111111111111111000000000000000000000000000000000000000000
000000000000000000000000000000111111111111111110000000000000000000000000000000000000000011111111111111111111000000000000000000000000000000000000000000
000000000000000000000000000000111111111111111111000000000000000000000000000000000000000111111111111111111111000000000000000000000000000000000000000000
000000000000000000000000000000111111111111111111111000000000000000000000000000000000111111111111111111111111110000000000000000000000000000000000000000
000000000000000000000000000000111111111111111111111111111111111111111111111111111111111111111111111111111111111100000000000000000000000000000000000000
000000000000000000000000000000111111111111111111111111111111111111111111111111111111111111111111111111111111111110000000000000000000000000000000000000
000000000000000000000000000000111111111111111111111111111111111111111111111111111111111111111111111111111111111100000000000000000000000000000000000000
000000000000000000000000000000111111111111111111111111111111111111111111111111111111111111111111111111111111110000000000000000000000000000000000000000
000000000000000000000000000000111111111111111110000000000000000000000000000000000000000111111111111111111111100000000000000000000000000000000000000000
000000000000000000000000000000111111111111111110000000000000000000000000000000000000000011111111111111111111100000000000000000000000000000000000000000
000000000000000000000000000000111111111111111100000000000000000000000000000000000000000001111111111111111111000000000000000000000000000000000000000000
000000000000000000000000000000111111111111111000000000000000000000000000000000000000000000111111111111111111000000000000000000111111111100000000000000
000000000000000000000000000000011111111111110000000000000000000000000000000000000000000000011111111111111111000000000000000001111111111110000000000000
000000000000000000000000000000001111111111000000000000000000000000000000000000000000000000001111111111111110000000000000000111111111111111000000000000
000000000000000000000000000000000011111110000000000000000000000000000000000000000000000000000011111111111100000000000000001111111111111111100000000000
000000000000000000000000000000000000000000000000000000000000000000000000000000000000000000000000000000000000000000000000011111111111111111111000000000
000000000000000000000000000000000000000000000000000000000000000000000000000000000000000000000000000000000000000000000000111111111111111111111100000000
000000000000000000000000000000000000000000000000000000000000000000000000000000000000000000000000000000000000000000000011111111111111111111111110000000
000000000000000000000000000000000000000000000000000000000000000000000000000000000000000000000111111100000000000000000111111111111111111111111111000000
000000000000000000000000000000000000000000000000000000000000000000000000000000000000000000011111111110000000000000001111111111111111111111111111100000
000000000000000000000000000000000000000000000000000000000000000000000000000000000000000011111111111111000000000001111111111111111111111111111111100000
000111111111111111111000000000000000111111111111111111111111111111111111111111111111111111111111111111111111111111111111111111111111111111111111100000
111111111111111111111100000000000001111111111111111111111111111111111111111111111111111111111111111111111111111111111111111111111111111111111111100000
111111111111111111111100000000000001111111111111111111111111111111111111111111111111111111111111111111111111111111111111111111111111111111111111100000
111111111111111111111000000000000001111111111111111111111111111111111111111111111111111111111111111111111111111111111111111111111111111111111111100000
111111111111111111100000000000000001111111111111111111111111111111111111111111111111111111111111111111111111101111111111111111111111111111111111100000
001111111111111111000000000000000011111111111111111111111111111111111111111111111111111111111111111111111111000001111111111111111111111111111111000000
000001111111111100000000000000001111111111111111111111111111111111111111111111111111111111111111111111111100000000011111111111111111111111111100000000
000000000000000000000000000000111111111100000000000000000011111111111111111100000000000000000000000000000000000000000000000000000000000000000000000000
000000000000000000000000000001111111111100000000000000000011111111111111111100000000000000000000000000000000000000000000000000000000000000000000000000
000000000000000000000000000011111111111100000000000000000011111111111111111100000000000000000000000000000000000000000000000000000000000000000000000000
000000000000000000000000001111111111111110000000000000000011111111111111111100000000000000000000000000000000000000000000000000000000000000000000000000
000000000000000000000000001111111111111111100000000000000011111111111111111100000000000000000000000000000000000000000000000000000000000000000000000000
000000000000000000000000001111111111111111110000000000000011111111111111111100000000000000000000000000000000000000000000000000000000000000000000000000
000000000000000000000000001111111111111111111000000000000011111111111111111100000000000000000000000000000000011111110000000000000000000000000000000000
000000000000000000000000011111111111111111111100000000000011111111111111111100000000000000000000000000000000111111111000000000000000000000000000000000
000000000000000000000000011111111111111111111110000000000011111111111111111100000000000000000000000000000001111111111100000000000000000000000000000000
000000000000000000000000111111111111111111111110000000000011111111111111111100000000000000000000000000000011111111111110000000000000000000000000000000
000000000000000000000000111111111111111111111110000000000011111111111111111100000000000000000000000000000111111111111111000000000000000000000000000000
000000000000000000000001111111111111111111111100000000000011111111111111111110000000000000000000000000011111111111111111110000000000000000000000000000
000000000000000000000001111111111111111111111000000000000011111111111111111110000000000000000000000000011111111111111111110000000000000000000000000000
000000000000000000000001111111111111111111110000000000000011111111111111111111100000000000000000001111111111111111111111111100000000000000000000000000
000000000000000000000001111111111111111111110000000000000011111111111111111111110000000000000000111111111111111111111111111110000000000000000000000000
000000000000000000000001111111111111111111100000000000000011111111111111111111111100000000000001111111111111111111111111111111000000000000000000000000
000000000000000000000001111111111111111111100000000000000011111111111111111111111111111111111111111111111111111111111111111111100000000000000000000000
000000000000000000000001111111111111111111100000000000000011111111111111111111111111111111111111111111111111111111111111111111110000000000000000000000
000000000000000000000001111111111111111111100000000000000011111111111111111111111111111111111111111111111111111111111111111111111000000000000000000000
000000000000000000001111111111111111111111000000000000000011111111111111111111111111111111111111111111111111111111111111111111110000000000000000000000
000000000000000000111111111111111111111110000000000000000011111111111111111111111111111111111111111111111111111111111111111111000000000000000000000000
000000000000000000111111111111111111111100000000000000000011111111111111111111111111111111111111111111111111111111111111111110000000000000000000000000
000000000000000000111111111111111111111110000000000000000011111111111111111111111111111111111111111111111111111111111111111110000000000000000000000000
000000000000000000111111111111111111111111100000000000000011111111111111111111111111111111111111111111111111111111111111111100000000000000000000000000
000000000000000000111111111111111111111111100000000000000011111111111111111100000000000000000000000000000000000000000000000000000000000000000000000000
000000000000000000111111111111111111111111100000000000000011111111111111111100000000000000000000000000000000000000000000000000000000000000000000000000
000000000000000000111111111111111111111111100000000000000011111111111111111100000000000000000000000000000000000000000000000000000000000000000000000000
000000000000000000111111111111111111111111100000000000000011111111111111111100000000000000000000000000000000000000000000000000000000000000000000000000
000000000000000000111111111111111111111111110000000000000011111111111111111100000000000000000000000000000000000000000000000000000000000000000000000000
000000000000000000111111111111111111111111110000000000000011111111111111111100000000000000000000000000000000000000000000000000000000000000000000000000
000000000000000000111111111111111111111111111111110000000011111111111111111100000000000000000000000000000000000000000000000000000000000000000000000000
000000000000000000111111111111111111111111111111111000000011111111111111111100000000000000000000000000000000000000000000000000000000000000000000000000
000000000000000000111111111111100011111111111111111110001111111111111111111100000000000000000000000000000000000000000000000000000000000000000000000000
000000000000000001111111111110000001111111111111111111111111111111111111111100000000000000000000000000000000000000000000000000000000000000000000000000
000000000000000001111111111100000001111111111111111111111111111111111111111100000000000000000000000000000000000000000000000000000000000000000000000000
000000000000000001111111111000000001111111111111111111111111111111111111111110000000000000000000000000000000000000000000000000000000000000000000000000
000000000000000011111111110000000001111111111111111111111111111111111111111111000000000000000000000000000000000000000000000000000000000000000000000000
000000000000000111111111100000000000111111111111111111111111111111111111111111100000000000000000000000000000000000000011111111111111111111111111111111
000000000000001111111110000000000000001111111111111111111111111111111111111111110000000000000000000000000000000000001111111111111111111111111111111111
000000000000011111111100000000000000000111111111111111111111111111111111111111111110000000000000000000000000000001111111111111111111111111111111111111
000000000001111111111100000000000000000011111111111111111111111111111111111111111111111111111111111111111111111111111111111111111111111111111111111111
000000000011111111111100000000000000000000111111111111111111111111111111111111111111111111111111111111111111111111111111111111111111111111111111111111
000000000111111111111100000000000000000000011111111111111111111111111111111111111111111111111111111111111111111111111111111111111111111111111111111111
000000011111111111111000000000000000000000001111111111111111111111111111111111111111111111111111111111111111111111111111111111111111111111111111111111
000000111111111111100000000000000000000000000000001111111111111111111111111111111111111111111111111111111111111111111111111111111111111111111111111111
000000111111111111100000000000000000000000000000000011111111111111111111111111111111111111111111111111111111111111111111111111111111111111111111111111
000000111111111111100000000000000000000000000000000001111111111111111111111111111111111111111111111111111111111111111111111111111111111111111111111111
000000111111111111100000000000000000000000000000000000111111111111111111111111111111111111111111111111111111111111111111111111111111111111111111000000
000001111111111111000000000000000000000000000000000000011111111111111111111111111111111111111111111111111111111111111111111111111111111111111100000000
000011111111111110000000000000000000000000000000000000001111111111111111111111111111111111111111111111111111111111111111111111111111111111111100000000
000111111111111100000000000000000000000000000000000000000000000011111111111111111111111111111111111111111111111111111111111111111111111111111100000000
001111111111111000000000000000000000000000000000000000000000000000111111111111111111111111111111111111111111111111111111111111111111111111111000000000
001111111111110000000000000000000000000000000000000000000000000000011111111111111111111111111111111111111111111111111111111111111111111111110000000000
111111111111100000000000000000000000000000000000000000000000000000000111111111111111111111111111111111111111111111111111111111111111111111100000000000
111111111111000000000000000000000000000000000000000000000000000000000000000000000001111111111111111111111111111111111111111111111111111111000000000000
001111111110000000000000000000000000000000000000000000000000000000000000000000000000011111111111111111111111111111111111111111111111111110000000000000
000011111100000000000000000000000000000000000000000000000000000000000000000000000000001111111111111111111111111111111111111111111111111100000000000000
000000000000000000000000000000000000000000000000000000000000000000000000000000000000000000000000000000000000000000000000000000000000000000000000000000
000000000000000000000000000000000000000000000000000000000000000000000000000000000000000000000000000000000000000000000000000000000000000000000000000000
000000000000000000000000000000000000000000000000000000000000000000000000000000000000000000000000000000000000000000000000000000000000000000000000000000
000000000000000000000000000000000000000000000000000000000000000000000000000000000000000000000000000000000000000000000000000000000000000000000000000000
000000000000000000000000000000000000000000000000000000000000000000000000000000000000000000000000000000000000000000000000000000000000000000000000000000
000000000000000000000000000000000000000000000000000000000000000000000000000000000000000000000000000000000000000000000000000000000000000000000000000000
000000000000000000000000000000000000000000000000000000000000000000000000000000000000000000000000000000000000000000000000000000000000000000000000000000
000000000000000000000000000000000000000000000000000000000000000000000000000000000000000000000000000000000000000000000000000000000000000000000000000000
000000000000000000000000000000000000000000000000000000000000000000000000000000000000000000000000000000000000000000000000000000000000000000000000000000
000000000000000000000000000000000000000000000000000000000000000000000000000000000000000000000000000000000000000000000000000000000000000000000000000000
